1 271.25 0.00228 920.0000 175.0000 0.0655  6.5000 1
2 270.19 0.00050 500.0000 1.0000   0.1200  0.0000 0
3 268.26 0.00000 250.0000 1.0000   0.1000  0.0000 0
4 266.34 0.00000 250.0000 1.0000   0.1000  0.0000 0
5 264.42 0.00000 250.0000 1.0000   0.1000  0.0000 0
6 262.50 0.00000 250.0000 1.0000   0.1000  0.0000 0
7 260.57 0.00000 250.0000 1.0000   0.1000  0.0000 0
8 258.65 0.00000 250.0000 1.0000   0.1000  0.0000 0
9 256.73 0.00000 250.0000 1.0000   0.1000  0.0000 0
10 254.81 0.00000 250.0000 1.0000  0.1000  0.0000 0
11 252.88 0.00000 250.0000 1.0000  0.1000  0.0000 0
12 250.96 0.00000 250.0000 1.0000  0.1000  0.0000 0
