Period 2002- 1- 1  2002- 3-15
Mean    0.2456533956128566E+03 0.1892598074880626E+01 0.2241547871754426E+02 0.2456936328733014E+03 0.3462067506803534E+03 0.1294358595730483E+00 0.4775764424657535E+03 0.2653033014200513E+03 0.3348532459662817E+01
Stdev   0.8010366080628046E+01 0.1211170777128478E+01 0.8033995016029534E+01 0.8499016347955418E+01 0.7347793845134618E+02 0.6705178667640380E-01 0.1685069847017197E+02 0.2294099277314357E+01 0.9152079288156278E-01
Cor     0.1000000000000000E+01
Cor     0.7931615596328971E+00 0.1000000000000000E+01
Cor     0.3941738888962267E+00 0.2260647207902249E+00 0.1000000000000000E+01
Cor     0.8424013598847715E+00 0.5876291423314187E+00 0.5139130567772168E+00 0.1000000000000000E+01
Cor     0.3832222204835975E+00 0.1787108734104923E+00 0.5081530214438354E+00 0.5254816736316812E+00 0.1000000000000000E+01
Cor     0.2305601371889692E+00 0.9010326743977927E-01 -.2191363452098768E+00 0.2915671545835008E+00 0.9952886830183582E-01 0.1000000000000000E+01
Cor     -.3800010747999478E-01 -.4421837365197137E-01 0.8504361521485107E-01 -.6815725251889414E-01 0.2068191449961343E+00 0.2827773069199750E-01 0.1000000000000000E+01
Cor     0.6064107349806061E+00 0.3316565957168400E+00 0.5991921592594007E+00 0.8519085940279355E+00 0.6275857715341504E+00 0.3423655367252287E+00 -.1897534525188267E+00 0.1000000000000000E+01
Cor     -.4926286667380816E-01 -.5685869559496242E-01 0.8363243376621671E-01 -.7537584901418477E-01 0.2091094092029382E+00 0.2945228268417118E-01 0.9992659128194264E+00 -.1917269903880092E+00 0.1000000000000000E+01
