Period 2002-1-1 2002-3-15
Mean 0.2456533956128566E+03 0.1892598074880626E+01 0.2153510547453996E+02 0.2500691150233153E+03 0.3447630980460535E+03 0.2125703066295413E+00 0.1412827332719277E+03 0.2693294608555813E+03 0.6719991046581256E+01
Stdev 0.8010366080628046E+01 0.1211170777128478E+01 0.8276422901975595E+01 0.7413500617154140E+01 0.7473873535707048E+02 0.1300423914802764E+00 0.1685897299318122E+02 0.1586990499980145E+01 0.9523020501504471E-01
Cor 0.1000000000000000E+01
Cor 0.7931615596328971E+00 0.1000000000000000E+01
Cor 0.4056932267008292E+00 0.2304632319624707E+00 0.1000000000000000E+01
Cor 0.7580100039078164E+00 0.5651866701984738E+00 0.3516246902311319E+00 0.1000000000000000E+01
Cor 0.3786393520215509E+00 0.1765713962567394E+00 0.5069411233113986E+00 0.5004372166877654E+00 0.1000000000000000E+01
Cor -.4350943614244030E-02 -.3288785748183434E-01 -.4871327852427438E+00 0.1019038983473061E-01 -.1224035988961808E+00 0.1000000000000000E+01
Cor -.3618751162155262E-01 -.4377665255587044E-01 0.7446462363826828E-01 -.6217127960782103E-01 0.2009001331837659E+00 0.7178570005211085E-01 0.1000000000000000E+01
Cor 0.4549504661183454E+00 0.2306039140188376E+00 0.5357485133774562E+00 0.5232413403891286E+00 0.6464116254254439E+00 0.1622852380178436E-01 -.1170699963991725E+00 0.1000000000000000E+01
Cor 0.8298972842824906E-01 0.9250336409139928E-01 -.7689709966377817E-01 0.8951014019748579E-01 -.2037654807376695E+00 -.6738555996558573E-01 -.9907949611118106E+00 0.1262820018422107E+00 0.1000000000000000E+01
