Period 2002- 3-15  2002- 6- 1
Mean    0.2574665915054289E+03 0.3978283937166857E+01 0.2828362834653962E+02 0.2568850381378017E+03 0.3699989443605318E+03 0.1286205874687886E+00 0.5379870246794875E+03 0.2662770787102813E+03 0.3639762830751504E+01
Stdev   0.9355396239060298E+01 0.2642687450810585E+01 0.1188749933805284E+02 0.8925793359656012E+01 0.5655289001118901E+02 0.6180987330522412E-01 0.1801246916270631E+02 0.1883209349469324E+01 0.7707260867310526E-01
Cor     0.1000000000000000E+01
Cor     0.8281557507345378E+00 0.1000000000000000E+01
Cor     0.2933613088852686E+00 0.2486968802448983E+00 0.1000000000000000E+01
Cor     0.8653677888094784E+00 0.6429574772839214E+00 0.2565460305558358E+00 0.1000000000000000E+01
Cor     0.3544840586530960E+00 0.2838495155272663E+00 0.4759114360685224E+00 0.3211570162682679E+00 0.1000000000000000E+01
Cor     0.1143627818423471E+00 0.8874617887220076E-01 -.6451854596733322E-01 0.7550225355830195E-01 0.4519771020767609E-01 0.1000000000000000E+01
Cor     0.8238835944765896E+00 0.6592479287504840E+00 0.1149476163768902E+00 0.7913737535882303E+00 0.2119136463218858E+00 0.5770030912581054E-01 0.1000000000000000E+01
Cor     0.6426619413964350E+00 0.4657428536164744E+00 0.6025080487969889E+00 0.7418999057685291E+00 0.5536464168243803E+00 0.2728055445915913E+00 0.4613321846938422E+00 0.1000000000000000E+01
Cor     0.8164403273290974E+00 0.6473738493669623E+00 0.1160183464879440E+00 0.7880315997417247E+00 0.2083349991550354E+00 0.5660127803995038E-01 0.9993778407307941E+00 0.4580317090128356E+00 0.1000000000000000E+01
