1 271.21 0.00245 920.0000 175.0000  0.0671  7.0000 1
2 271.07 0.00100 500.0000 0.0000  0.1000  0.0000 0
3 270.27 0.00000 350.0000 2.0000  0.0500  0.0000 0
4 268.66 0.00000 350.0000 2.0000  0.0500  0.0000 0
5 267.05 0.00000 350.0000 2.0000  0.0500  0.0000 0
6 265.45 0.00000 350.0000 2.0000  0.0500  0.0000 0
7 263.84 0.00000 350.0000 2.0000  0.0500  0.0000 0
8 262.23 0.00000 350.0000 2.0000  0.0500  0.0000 0
9 260.62 0.00000 350.0000 2.0000  0.0500  0.0000 0
10 259.02 0.00000 350.0000 2.0000  0.0500  0.0000 0
11 257.41 0.00000 350.0000 2.0000  0.0500  0.0000 0
12 255.80 0.00000 350.0000 2.0000  0.0500  0.0000 0
