   1  269.486960779091  2.265495453204421E-003  920.000000000000  201.666879764045  6.535475016489471E-002  6.48235411313070  1.00000000000000
   2  260.556827037809  0.000000000000000  367.004278503970  2.71947415301091  0.214567150892815  0.000000000000000  0.000000000000000
   3  260.441065360306  0.000000000000000  367.004278503970  2.71947415301091  0.214567150892815  0.000000000000000  0.000000000000000
   4  260.325303682802  0.000000000000000  367.004278503970  2.71947415301091  0.214567150892815  0.000000000000000  0.000000000000000
   5  260.209542005299  0.000000000000000  367.004278503970  2.71947415301091  0.214567150892815  0.000000000000000  0.000000000000000
   6  260.093780327795  0.000000000000000  367.004278503970  2.71947415301091  0.214567150892815  0.000000000000000  0.000000000000000
   7  259.978018650292  0.000000000000000  367.004278503970  2.71947415301091  0.214567150892815  0.000000000000000  0.000000000000000
   8  259.862256972788  0.000000000000000  367.004278503970  2.71947415301091  0.214567150892815  0.000000000000000  0.000000000000000
   9  259.746495295285  0.000000000000000  367.004278503970  2.71947415301091  0.214567150892815  0.000000000000000  0.000000000000000
   10  259.630733617781  0.000000000000000  367.004278503970  2.71947415301091  0.214567150892815  0.000000000000000  0.000000000000000
   11  259.514971940278  0.000000000000000  367.004278503970  2.71947415301091  0.214567150892815  0.000000000000000  0.000000000000000
