2005   1  1  8 25 249.51 223.74 237.69 212.58 222.63 203.52 212.02 196.20 188.17 175.21    84.93   -65.19 100013    47
2005   1  1  8 25 249.65 222.94 238.94 213.80 223.87 203.10 211.17 194.15 187.75 174.38    84.94   -65.93 100013    46
2005   1  1  8 25 249.65 223.34 238.93 216.28 223.02 202.70 212.86 195.38 191.42 178.11    84.86   -65.73 100013    47
2005   1  1  8 25 249.36 223.34 238.12 214.63 224.71 203.10 213.70 197.44 194.27 181.43    84.78   -65.53 100013    48
2005   1  1  8 25 248.98 222.55 238.53 215.04 225.13 203.51 214.12 198.26 195.90 183.92    84.70   -65.32 100013    49
2005   1  1  8 25 248.49 222.75 238.11 215.04 225.12 204.74 214.96 199.09 195.90 183.92    84.62   -65.11 100013    50
2005   1  1  8 25 249.64 223.82 236.85 215.03 221.74 202.31 210.76 193.74 186.52 172.31    84.94   -66.67 100013    45
2005   1  1  8 25 249.93 222.63 237.26 215.45 222.16 201.90 210.76 194.56 188.96 175.63    84.86   -66.47 100013    46
2005   1  1  8 25 249.35 222.93 236.85 215.03 223.85 201.89 212.02 195.80 192.63 178.95    84.78   -66.26 100013    47
2005   1  1  8 25 248.39 222.44 237.67 215.86 223.00 203.12 214.13 197.02 193.04 178.53    84.70   -66.05 100013    48
2005   1  1  8 25 249.45 222.74 238.08 215.03 223.42 203.94 214.97 199.50 195.89 183.09    84.62   -65.84 100013    49
2005   1  1  8 25 248.58 222.24 238.49 215.85 225.10 204.76 215.81 199.91 201.19 188.48    84.54   -65.62 100013    50
2005   1  1  8 25 249.52 223.82 238.91 213.78 221.35 200.64 210.76 192.90 186.92 171.49    84.94   -67.40 100013    44
2005   1  1  8 25 250.20 223.23 238.50 213.37 220.92 200.65 211.18 192.48 187.32 172.73    84.86   -67.20 100013    45
2005   1  1  8 25 250.20 222.54 236.85 214.61 222.18 201.46 212.02 193.72 190.59 176.46    84.78   -66.99 100013    46
2005   1  1  8 25 250.01 222.83 238.49 213.78 223.02 202.69 212.02 194.96 190.59 176.46    84.70   -66.78 100013    47
2005   1  1  8 25 248.66 223.13 237.26 215.02 224.29 203.51 213.28 197.02 190.58 178.54    84.62   -66.56 100013    48
2005   1  1  8 25 248.66 223.33 237.67 214.60 224.70 205.15 216.23 199.07 198.33 185.17    84.54   -66.35 100013    49
2005   1  1  8 25 250.00 223.22 237.27 213.33 221.32 201.49 209.93 192.93 186.48 172.74    84.95   -68.12 100013    43
2005   1  1  8 25 249.61 223.52 238.09 214.98 221.32 200.25 210.35 192.51 187.29 173.15    84.87   -67.92 100013    44
2005   1  1  8 25 248.84 223.33 237.68 214.16 220.90 200.66 210.35 192.93 186.48 173.57    84.79   -67.71 100013    45
2005   1  1  8 25 249.23 222.54 237.26 214.16 221.75 199.84 210.77 193.75 187.29 174.40    84.71   -67.49 100013    46
2005   1  1  8 25 249.03 222.73 238.50 214.98 222.16 202.30 212.03 195.40 190.14 177.30    84.63   -67.28 100013    47
2005   1  1  8 25 248.93 222.93 237.67 215.81 223.42 202.71 214.13 198.28 192.59 180.20    84.55   -67.06 100013    48
2005   1  1  8 25 250.19 223.02 237.66 213.74 221.32 201.47 209.94 192.94 186.47 172.74    84.95   -68.83 100013    42
2005   1  1  8 25 249.80 223.02 236.84 213.74 220.90 199.42 209.94 193.35 186.88 173.16    84.87   -68.62 100013    43
2005   1  1  8 25 249.13 222.93 238.08 212.50 220.90 199.83 209.10 192.53 187.28 173.57    84.79   -68.41 100013    44
2005   1  1  8 25 249.32 222.14 237.66 214.57 220.06 199.42 209.52 192.52 187.28 173.99    84.71   -68.19 100013    45
2005   1  1  8 25 248.93 223.12 237.25 214.98 221.32 201.06 210.36 195.00 190.13 177.31    84.62   -67.98 100013    46
2005   1  1  8 25 248.93 223.81 236.84 213.74 222.58 202.70 211.62 196.24 190.95 177.30    84.54   -67.76 100013    47
2005   1  1  8 25 249.57 222.33 236.42 212.91 220.88 201.08 209.95 192.52 187.28 173.15    84.95   -69.53 100013    41
2005   1  1  8 25 249.38 222.63 236.83 213.32 219.20 200.26 210.37 193.35 186.87 173.57    84.87   -69.33 100013    42
2005   1  1  8 25 249.38 222.63 236.83 214.15 220.04 200.67 209.10 192.94 187.68 174.81    84.79   -69.11 100013    43
2005   1  1  8 25 248.51 223.12 238.07 214.15 218.77 199.85 209.53 192.94 184.82 173.99    84.71   -68.90 100013    44
2005   1  1  8 25 249.18 222.82 236.41 215.80 220.46 201.08 210.37 193.35 188.50 174.81    84.63   -68.68 100013    45
2005   1  1  8 25 249.18 223.22 237.24 215.39 222.13 203.13 211.63 195.82 189.72 176.47    84.55   -68.46 100013    46
2005   1  1  8 25 249.07 222.62 237.24 214.14 219.59 200.25 209.94 192.95 187.24 173.99    84.79   -69.80 100013    42
2005   1  1  8 25 249.36 222.23 236.83 214.14 220.01 199.84 208.25 192.13 185.61 173.16    84.71   -69.58 100013    43
2005   1  1  8 25 249.16 222.52 236.42 214.55 220.02 199.02 209.09 192.13 186.43 172.74    84.63   -69.36 100013    44
2005   1  1  8 25 248.97 223.02 238.48 214.96 220.85 201.89 211.20 194.18 188.47 173.98    84.55   -69.14 100013    45
2005   1  1  8 25 250.32 222.52 238.06 213.73 220.01 199.83 209.53 193.76 185.97 173.58    84.55   -69.83 100013    44
2005   1  1 10  4 249.35 222.85 238.58 213.26 222.64 202.65 211.14 193.97 186.09 173.48    84.97   -65.46 100013    70
2005   1  1 10  4 249.64 223.05 237.76 213.26 223.06 202.64 212.83 194.79 189.76 177.62    84.89   -65.41 100013    71
2005   1  1 10  4 248.85 222.66 238.17 213.26 223.48 203.87 214.51 196.02 194.25 180.10    84.81   -65.36 100013    72
2005   1  1 10  4 249.25 222.36 238.58 214.91 223.90 203.87 214.09 196.85 195.06 180.93    84.72   -65.30 100013    73
2005   1  1 10  4 248.15 223.25 236.94 213.67 223.47 205.52 214.51 198.09 196.28 182.59    84.64   -65.23 100013    74
2005   1  1 10  4 248.25 223.25 236.52 214.50 224.74 205.10 215.78 198.08 199.95 185.90    84.56   -65.16 100013    75
2005   1  1 10  4 249.23 223.17 237.33 212.83 222.65 202.65 209.87 193.58 183.61 172.66    85.00   -66.36 100013    69
2005   1  1 10  4 249.43 222.97 236.91 215.31 223.07 202.24 211.13 194.81 187.29 173.06    84.91   -66.31 100013    70
2005   1  1 10  4 248.54 222.68 236.50 214.07 222.23 201.83 211.13 195.64 189.73 176.38    84.83   -66.25 100013    71
2005   1  1 10  4 248.54 222.78 237.74 213.24 223.07 203.06 211.98 194.81 191.36 177.62    84.75   -66.19 100013    72
2005   1  1 10  4 248.44 222.68 237.33 213.66 223.07 203.88 213.66 196.45 191.36 179.28    84.67   -66.12 100013    73
2005   1  1 10  4 247.94 222.68 236.91 214.89 223.48 205.52 214.93 198.51 195.03 182.18    84.58   -66.04 100013    74
2005   1  1 10  4 249.26 222.48 236.92 214.06 222.21 201.02 209.86 192.76 186.49 172.63    84.95   -67.22 100013    69
2005   1  1 10  4 249.26 222.28 236.92 213.65 222.21 201.43 210.70 193.58 187.31 173.04    84.87   -67.16 100013    70
2005   1  1 10  4 248.46 222.09 237.33 214.47 220.53 200.20 210.28 194.41 187.30 174.29    84.79   -67.09 100013    71
2005   1  1 10  4 248.56 222.29 236.92 212.82 220.53 201.43 211.97 194.82 188.93 175.95    84.70   -67.01 100013    72
2005   1  1 10  4 248.36 222.68 236.92 213.65 222.21 202.66 212.81 196.05 189.74 177.19    84.62   -66.93 100013    73
2005   1  1 10  4 248.46 222.78 237.33 214.47 223.89 204.29 214.49 197.70 192.18 180.51    84.54   -66.84 100013    74
2005   1  1 10  4 249.37 222.58 238.12 214.06 222.16 200.59 209.41 193.15 186.10 172.59    84.97   -68.12 100013    68
2005   1  1 10  4 249.27 222.48 239.35 213.24 222.16 200.59 210.25 193.97 187.73 174.25    84.89   -68.05 100013    69
2005   1  1 10  4 248.47 222.97 238.12 212.83 220.06 200.18 209.83 192.73 187.32 173.84    84.81   -67.98 100013    70
2005   1  1 10  4 248.38 222.09 237.70 214.07 220.90 199.77 210.25 193.55 186.09 174.26    84.73   -67.89 100013    71
2005   1  1 10  4 248.97 222.78 236.88 214.48 221.32 201.00 210.25 194.38 189.36 176.74    84.64   -67.81 100013    72
2005   1  1 10  4 248.48 222.58 237.70 214.48 222.58 202.23 212.36 195.20 190.58 177.98    84.56   -67.71 100013    73
2005   1  1 10  4 250.09 222.37 237.28 211.61 220.88 200.60 208.99 193.14 186.91 173.01    84.93   -68.96 100013    68
2005   1  1 10  4 248.70 222.28 236.87 213.26 219.62 200.61 209.83 192.72 186.08 174.26    84.84   -68.88 100013    69
2005   1  1 10  4 249.10 222.47 237.28 213.67 220.46 199.78 208.57 191.48 186.49 173.85    84.76   -68.79 100013    70
2005   1  1 10  4 248.50 222.67 237.27 214.09 221.30 200.60 208.99 192.72 185.68 173.43    84.68   -68.70 100013    71
2005   1  1 10  4 248.20 222.67 237.69 213.67 220.88 201.83 210.25 194.37 188.12 175.09    84.60   -68.60 100013    72
2005   1  1 10  4 248.90 222.37 236.86 215.32 222.14 201.42 211.09 195.61 188.53 176.33    84.52   -68.49 100013    73
2005   1  1 10  4 249.18 221.89 238.08 212.02 220.87 200.60 209.01 191.89 185.65 172.61    84.95   -69.85 100013    67
2005   1  1 10  4 248.59 221.70 237.67 211.61 221.71 199.37 209.43 192.30 186.88 173.44    84.86   -69.76 100013    68
2005   1  1 10  4 249.58 221.69 236.85 212.85 220.03 199.78 209.85 192.29 185.65 173.44    84.78   -69.67 100013    69
2005   1  1 10  4 249.18 222.19 238.49 212.85 220.45 198.55 209.00 192.71 184.84 173.03    84.70   -69.57 100013    70
2005   1  1 10  4 248.88 223.07 238.49 213.26 219.19 198.96 209.85 192.29 184.84 172.61    84.62   -69.47 100013    71
2005   1  1 10  4 248.59 222.09 235.61 213.68 221.29 200.60 210.69 194.77 186.88 173.85    84.54   -69.36 100013    72
2005   1  1 12 32 246.74 221.71 236.54 214.46 223.45 205.52 215.07 199.14 201.31 187.97    84.50   -65.14 100013    85
2005   1  1 12 32 248.33 221.91 236.96 214.87 224.28 204.28 213.40 197.09 196.00 183.00    84.60   -65.54 100013    84
2005   1  1 12 32 247.03 222.51 235.72 215.28 223.44 205.11 213.40 197.50 195.18 183.84    84.53   -66.07 100013    85
2005   1  1 12 32 248.23 221.62 236.15 214.85 223.02 203.87 212.55 195.03 192.73 180.10    84.75   -65.37 100013    82
2005   1  1 12 32 248.02 222.20 236.97 214.44 222.18 202.63 211.70 195.03 191.10 178.02    84.68   -65.93 100013    83
2005   1  1 12 32 247.33 221.71 237.38 213.62 222.18 203.05 212.13 195.03 191.51 178.02    84.61   -66.46 100013    84
2005   1  1 12 32 247.53 221.03 236.97 214.03 221.76 203.46 210.44 195.04 191.10 178.44    84.55   -66.98 100013    85
2005   1  1 12 32 248.64 222.28 237.40 213.62 221.73 202.63 211.68 194.21 190.29 175.93    84.89   -65.20 100013    80
2005   1  1 12 32 248.94 221.60 236.99 214.04 221.73 203.46 211.26 194.21 189.88 177.19    84.83   -65.79 100013    81
2005   1  1 12 32 248.34 221.79 238.22 214.45 221.74 201.40 210.00 192.98 190.29 175.10    84.76   -66.36 100013    82
2005   1  1 12 32 248.04 221.50 237.81 213.21 220.90 201.40 210.42 193.39 188.24 175.11    84.71   -66.91 100013    83
2005   1  1 12 32 247.84 221.30 236.58 214.04 220.90 201.40 209.99 194.22 190.69 177.60    84.64   -67.43 100013    84
2005   1  1 12 32 248.54 221.79 236.17 211.98 220.90 201.40 210.42 193.80 188.65 175.11    84.57   -67.94 100013    85
2005   1  1 12 32 249.05 222.67 238.61 213.60 221.29 202.62 209.99 192.98 185.80 172.62    84.99   -65.59 100013    79
2005   1  1 12 32 247.26 221.50 238.20 214.42 222.56 200.15 210.41 192.98 186.62 172.61    84.92   -66.19 100013    80
2005   1  1 12 32 247.36 221.50 237.79 213.19 222.56 201.80 209.99 192.98 188.66 173.85    84.86   -66.77 100013    81
2005   1  1 12 32 248.95 221.69 235.74 214.02 220.46 200.57 209.57 192.57 186.21 173.03    84.79   -67.33 100013    82
2005   1  1 12 32 248.15 222.08 236.15 213.60 220.04 200.98 208.73 192.17 187.02 173.86    84.72   -67.87 100013    83
2005   1  1 12 32 247.85 221.69 236.56 214.02 220.46 199.75 208.31 191.35 185.80 173.03    84.65   -68.39 100013    84
2005   1  1 12 32 247.65 222.09 236.97 213.60 220.88 200.57 209.57 191.75 186.21 173.45    84.58   -68.88 100013    85
2005   1  1 12 32 248.05 221.30 236.96 214.84 220.88 201.80 209.99 192.98 188.25 174.69    84.51   -69.36 100013    86
2005   1  1 12 32 248.07 221.49 236.96 212.36 222.12 201.38 209.55 190.94 187.01 173.85    84.94   -67.20 100013    80
2005   1  1 12 32 248.17 221.88 235.32 212.78 220.44 201.39 208.71 190.54 186.61 173.02    84.88   -67.77 100013    81
2005   1  1 12 32 247.87 221.89 235.73 211.95 220.02 200.15 208.29 191.36 186.60 174.27    84.81   -68.32 100013    82
2005   1  1 12 32 247.68 221.20 236.55 212.36 219.60 199.74 207.87 190.95 186.20 173.02    84.74   -68.84 100013    83
2005   1  1 12 32 247.77 221.49 237.37 212.36 218.76 199.75 207.45 190.96 185.38 172.19    84.68   -69.35 100013    84
2005   1  1 12 32 247.27 221.59 237.37 213.18 220.44 200.15 208.29 191.77 186.20 173.44    84.61   -69.84 100013    85
2005   1  1 12 32 248.07 221.61 237.79 211.53 221.69 200.14 209.96 191.77 186.17 173.86    84.96   -68.21 100013    80
2005   1  1 12 32 247.68 221.32 236.56 211.53 220.85 199.73 209.12 190.96 186.99 173.86    84.89   -68.77 100013    81
2005   1  1 12 32 247.77 222.00 236.56 211.12 219.60 199.32 207.43 190.96 187.40 173.44    84.82   -69.31 100013    82
2005   1  1 12 32 248.18 220.53 235.74 211.95 220.43 199.32 207.44 190.55 186.59 172.61    84.76   -69.82 100013    83
2005   1  1 12 32 247.78 222.01 237.40 211.13 221.25 200.55 207.44 190.57 185.33 173.03    84.98   -69.23 100013    80
2005   1  1 12 32 248.38 221.52 235.75 211.13 220.41 199.73 207.02 189.34 184.51 172.20    84.92   -69.78 100013    81
2005   1  1 11 43 248.43 222.75 236.88 215.83 224.48 203.90 214.30 198.03 195.03 181.70    84.71   -65.07 100013    84
2005   1  1 11 43 249.10 222.55 237.71 215.00 223.64 204.31 214.73 198.03 196.66 183.36    84.63   -65.27 100013    85
2005   1  1 11 43 249.01 223.34 238.95 215.00 224.06 205.13 215.57 199.27 201.15 186.67    84.55   -65.46 100013    86
2005   1  1 11 43 249.67 223.44 239.39 214.61 223.24 202.66 211.35 194.74 188.09 174.66    84.94   -65.38 100013    81
2005   1  1 11 43 249.47 223.05 238.57 214.61 223.24 202.66 212.62 195.56 190.54 177.56    84.86   -65.62 100013    82
2005   1  1 11 43 249.28 222.95 238.57 215.03 222.81 203.07 213.46 195.55 191.35 177.98    84.78   -65.84 100013    83
2005   1  1 11 43 249.47 223.05 238.56 215.44 222.81 203.07 213.04 196.38 190.95 177.56    84.70   -66.04 100013    84
2005   1  1 11 43 248.90 222.26 238.15 215.85 221.97 204.71 213.45 197.62 190.53 178.40    84.62   -66.23 100013    85
2005   1  1 11 43 249.18 222.85 237.74 215.44 224.07 203.89 214.29 199.27 194.20 182.13    84.54   -66.40 100013    86
2005   1  1 11 43 249.55 223.64 238.13 213.82 220.71 201.04 210.93 193.06 187.31 172.59    84.93   -66.39 100013    81
2005   1  1 11 43 249.55 222.95 238.13 214.65 223.24 201.04 211.35 193.47 188.12 174.66    84.85   -66.61 100013    82
2005   1  1 11 43 248.59 222.76 238.54 214.24 221.13 200.63 210.93 193.89 187.71 175.08    84.76   -66.82 100013    83
2005   1  1 11 43 249.07 222.66 238.12 215.89 220.71 201.04 211.35 194.30 190.16 175.90    84.68   -67.01 100013    84
2005   1  1 11 43 248.30 222.17 236.48 214.65 221.97 202.68 212.61 195.95 190.16 177.57    84.60   -67.18 100013    85
2005   1  1 11 43 248.97 222.95 237.30 214.24 222.81 203.50 213.46 195.94 189.75 177.57    84.52   -67.34 100013    86
2005   1  1 11 43 249.64 223.25 238.12 213.45 221.99 200.63 209.66 192.63 184.85 171.35    84.99   -67.19 100013    80
2005   1  1 11 43 249.84 222.56 238.12 213.45 221.57 200.63 210.08 193.45 186.88 174.25    84.91   -67.41 100013    81
2005   1  1 11 43 249.35 222.26 237.29 213.87 220.73 199.00 209.66 193.04 186.89 172.59    84.82   -67.62 100013    82
2005   1  1 11 43 249.25 223.45 237.71 213.04 219.47 199.00 210.08 192.62 187.29 173.83    84.74   -67.80 100013    83
2005   1  1 11 43 248.77 222.56 237.70 214.70 221.15 200.23 209.23 193.46 188.11 175.49    84.66   -67.98 100013    84
2005   1  1 11 43 248.48 222.27 237.71 213.45 221.14 201.05 211.35 194.27 188.11 175.49    84.58   -68.14 100013    85
2005   1  1 11 43 249.43 222.74 238.95 212.65 220.30 201.07 210.06 193.05 186.46 172.58    84.97   -68.21 100013    80
2005   1  1 11 43 249.14 223.23 236.89 212.66 221.15 199.83 209.64 191.81 186.87 173.83    84.89   -68.41 100013    81
2005   1  1 11 43 249.14 221.95 237.72 213.49 221.14 200.24 208.37 192.65 187.28 173.83    84.81   -68.60 100013    82
2005   1  1 11 43 249.33 222.15 237.30 213.07 220.30 200.25 208.37 192.65 186.47 172.17    84.73   -68.77 100013    83
2005   1  1 11 43 249.62 222.94 236.89 213.49 219.46 199.43 208.79 192.64 185.65 172.59    84.65   -68.93 100013    84
2005   1  1 11 43 249.62 222.84 237.71 213.90 220.30 200.25 210.06 193.46 186.87 173.83    84.57   -69.08 100013    85
2005   1  1 11 43 248.96 222.12 236.89 211.89 220.74 199.42 209.22 193.05 186.48 173.00    84.95   -69.23 100013    80
2005   1  1 11 43 249.73 222.62 237.30 212.72 220.32 200.24 209.22 191.81 186.48 173.00    84.87   -69.41 100013    81
2005   1  1 11 43 248.96 222.12 237.71 212.30 220.32 199.42 209.64 192.63 185.66 173.42    84.79   -69.59 100013    82
2005   1  1 11 43 249.34 222.62 236.89 213.96 219.06 199.43 209.22 192.22 186.07 172.17    84.71   -69.74 100013    83
2005   1  1 11 43 249.92 222.61 236.89 213.96 219.48 199.43 209.22 193.05 185.66 172.58    84.62   -69.89 100013    84
2005   1  1 14 11 248.31 222.12 237.69 214.29 223.53 205.45 214.95 198.47 200.29 188.48    84.54   -65.12 100013    70
2005   1  1 14 11 248.01 222.31 236.87 215.11 223.11 204.63 213.27 196.83 194.98 183.49    84.51   -65.94 100013    71
2005   1  1 14 11 248.22 221.99 236.08 212.63 221.86 203.41 212.01 196.01 190.90 180.18    84.61   -65.84 100013    70
2005   1  1 14 11 247.42 221.70 236.48 214.28 222.28 202.59 210.33 195.20 190.90 178.93    84.57   -66.66 100013    71
2005   1  1 14 11 247.22 221.80 236.90 213.46 221.86 202.59 209.92 193.56 189.27 176.43    84.54   -67.47 100013    72
2005   1  1 14 11 247.72 222.29 235.66 213.87 221.87 201.36 209.50 193.15 187.23 176.02    84.51   -68.26 100013    73
2005   1  1 14 11 248.92 223.08 237.71 214.69 221.45 202.17 211.60 195.20 189.65 177.28    84.68   -65.79 100013    69
2005   1  1 14 11 248.42 222.20 237.72 213.86 221.04 201.35 210.34 193.97 188.83 176.87    84.66   -66.63 100013    70
2005   1  1 14 11 247.72 222.49 236.07 213.45 220.62 201.35 209.08 193.16 189.25 176.03    84.63   -67.46 100013    71
2005   1  1 14 11 247.62 222.10 236.07 213.45 219.78 200.12 209.09 192.33 185.98 173.96    84.60   -68.27 100013    72
2005   1  1 14 11 248.12 222.20 236.89 214.69 219.77 200.94 209.09 191.92 187.21 173.95    84.56   -69.07 100013    73
2005   1  1 14 11 248.12 221.90 237.72 214.27 221.03 202.17 209.08 193.16 188.02 176.04    84.53   -69.85 100013    74
2005   1  1 14 11 248.85 221.41 237.34 213.05 219.79 202.60 209.91 192.32 189.63 176.04    84.77   -65.71 100013    68
2005   1  1 14 11 248.55 221.61 236.10 213.05 220.22 200.95 209.06 192.74 186.77 174.80    84.75   -66.56 100013    69
2005   1  1 14 11 248.55 221.80 235.70 211.82 220.22 200.13 208.22 191.92 187.18 175.21    84.71   -67.41 100013    70
2005   1  1 14 11 247.75 221.90 236.93 212.23 219.38 199.72 207.39 190.28 185.96 173.13    84.68   -68.24 100013    71
2005   1  1 14 11 248.45 221.31 236.93 213.05 218.54 198.49 206.54 190.29 185.55 171.88    84.65   -69.05 100013    72
2005   1  1 14 11 249.15 221.60 236.10 213.46 219.38 200.95 208.22 191.92 186.77 173.96    84.61   -69.85 100013    73
2005   1  1 14 11 248.34 221.81 238.15 213.45 221.03 200.53 209.90 193.14 189.21 175.63    84.86   -65.62 100013    67
2005   1  1 14 11 248.84 222.01 238.56 213.86 220.61 200.54 209.48 191.91 187.58 173.97    84.82   -66.49 100013    68
2005   1  1 14 11 247.64 221.72 236.51 213.86 219.77 199.72 207.80 190.68 186.35 173.14    84.80   -67.35 100013    69
2005   1  1 14 11 248.74 221.91 236.10 213.04 219.77 199.30 207.38 191.10 186.35 173.56    84.77   -68.20 100013    70
2005   1  1 14 11 247.74 221.82 236.10 213.45 218.51 198.49 206.54 190.28 185.54 172.31    84.74   -69.03 100013    71
2005   1  1 14 11 247.64 222.21 236.10 212.22 218.93 199.72 207.38 191.10 185.54 172.31    84.70   -69.85 100013    72
2005   1  1 14 11 248.86 223.09 237.36 213.46 220.17 200.96 209.89 191.93 185.94 172.72    84.93   -65.49 100013    66
2005   1  1 14 11 248.37 222.21 237.77 213.46 221.01 200.96 209.05 191.93 187.16 173.13    84.91   -66.38 100013    67
2005   1  1 14 11 248.47 221.91 236.13 213.05 219.75 200.14 209.05 191.11 186.34 173.97    84.89   -67.26 100013    68
2005   1  1 14 11 248.87 220.54 237.36 211.82 218.91 200.14 208.63 191.11 187.16 173.97    84.86   -68.12 100013    69
2005   1  1 14 11 248.77 222.11 236.13 211.82 219.33 198.91 207.38 189.47 185.94 173.14    84.82   -68.98 100013    70
2005   1  1 14 11 248.67 221.71 236.95 211.40 219.33 199.73 207.38 189.47 186.35 173.14    84.79   -69.81 100013    71
2005   1  1 14 11 248.47 221.73 237.80 211.40 221.03 200.14 208.19 191.09 185.12 171.46    85.00   -66.33 100013    66
2005   1  1 14 11 250.07 221.92 237.38 213.05 220.61 200.14 208.61 191.09 185.52 173.13    84.96   -67.23 100013    67
2005   1  1 14 11 248.48 221.53 238.21 211.81 221.03 200.14 209.03 191.09 187.16 173.54    84.93   -68.11 100013    68
2005   1  1 14 11 248.18 221.93 236.15 212.23 219.35 199.74 207.35 190.27 185.52 173.13    84.90   -68.98 100013    69
2005   1  1 14 11 247.88 221.93 237.80 210.57 220.19 198.91 206.51 189.04 186.34 172.71    84.87   -69.84 100013    70
2005   1  1 14 11 248.59 222.15 237.42 211.40 220.18 200.16 207.77 189.85 186.30 173.95    84.99   -68.95 100013    68
2005   1  1 14 11 248.39 222.54 237.83 211.81 218.50 198.52 206.09 188.63 182.23 168.97    84.96   -69.82 100013    69
2005   1  1 13 22 248.71 222.05 236.79 215.43 223.18 203.60 213.44 195.84 192.50 179.58    84.75   -65.37 100013    82
2005   1  1 13 22 248.51 222.64 237.61 215.02 222.35 202.37 212.59 195.85 190.87 177.51    84.68   -65.93 100013    83
2005   1  1 13 22 247.81 222.15 238.02 214.19 222.35 202.78 213.01 195.84 191.28 177.51    84.61   -66.46 100013    84
2005   1  1 13 22 248.01 221.46 237.61 214.61 221.92 203.20 211.32 195.85 190.87 177.92    84.55   -66.98 100013    85
2005   1  1 13 22 249.12 222.72 238.04 214.20 221.90 202.37 212.57 195.02 190.06 175.43    84.89   -65.20 100013    80
2005   1  1 13 22 249.42 222.03 237.63 214.61 221.90 203.19 212.14 195.02 189.65 176.68    84.83   -65.79 100013    81
2005   1  1 13 22 248.82 222.23 238.86 215.02 221.90 201.14 210.88 193.79 190.06 174.60    84.76   -66.36 100013    82
2005   1  1 13 22 248.53 221.93 238.45 213.79 221.06 201.14 211.30 194.20 188.02 174.60    84.71   -66.91 100013    83
2005   1  1 13 22 248.33 221.74 237.22 214.61 221.06 201.14 210.87 195.03 190.46 177.09    84.64   -67.43 100013    84
2005   1  1 13 22 249.02 222.23 236.81 212.55 221.06 201.14 211.30 194.61 188.43 174.60    84.57   -67.94 100013    85
2005   1  1 13 22 249.53 223.10 239.25 214.18 221.46 202.36 210.87 193.79 185.58 172.12    84.99   -65.59 100013    79
2005   1  1 13 22 247.74 221.93 238.84 215.00 222.73 199.89 211.29 193.79 186.39 172.11    84.92   -66.19 100013    80
2005   1  1 13 22 247.84 221.93 238.43 213.76 222.72 201.53 210.87 193.79 188.43 173.35    84.86   -66.77 100013    81
2005   1  1 13 22 249.44 222.12 236.37 214.59 220.62 200.31 210.44 193.38 185.98 172.53    84.79   -67.33 100013    82
2005   1  1 13 22 248.64 222.52 236.78 214.18 220.20 200.72 209.60 192.97 186.80 173.36    84.72   -67.87 100013    83
2005   1  1 13 22 248.34 222.12 237.19 214.59 220.63 199.49 209.18 192.14 185.57 172.53    84.65   -68.39 100013    84
2005   1  1 13 22 248.14 222.52 237.61 214.18 221.04 200.31 210.45 192.55 185.98 172.95    84.58   -68.88 100013    85
2005   1  1 13 22 248.54 221.73 237.60 215.42 221.04 201.54 210.87 193.79 188.02 174.19    84.51   -69.36 100013    86
2005   1  1 13 22 248.56 221.93 237.60 212.93 222.28 201.12 210.43 191.74 186.79 173.35    84.94   -67.20 100013    80
2005   1  1 13 22 248.65 222.32 235.95 213.35 220.60 201.12 209.59 191.33 186.38 172.52    84.88   -67.77 100013    81
2005   1  1 13 22 248.36 222.32 236.37 212.52 220.18 199.89 209.16 192.16 186.38 173.77    84.81   -68.32 100013    82
2005   1  1 13 22 248.16 221.63 237.19 212.93 219.76 199.48 208.74 191.75 185.97 172.52    84.74   -68.84 100013    83
2005   1  1 13 22 248.26 221.93 238.01 212.93 218.92 199.49 208.31 191.75 185.16 171.69    84.68   -69.35 100013    84
2005   1  1 13 22 247.76 222.02 238.01 213.76 220.60 199.89 209.16 192.57 185.97 172.94    84.61   -69.84 100013    85
2005   1  1 13 22 248.56 222.04 238.43 212.10 221.86 199.88 210.84 192.57 185.95 173.36    84.96   -68.21 100013    80
2005   1  1 13 22 248.16 221.75 237.19 212.10 221.02 199.47 209.99 191.75 186.77 173.35    84.89   -68.77 100013    81
2005   1  1 13 22 248.26 222.43 237.20 211.69 219.76 199.07 208.30 191.76 187.18 172.94    84.82   -69.31 100013    82
2005   1  1 13 22 248.66 220.96 236.37 212.51 220.60 199.06 208.30 191.35 186.36 172.11    84.76   -69.82 100013    83
2005   1  1 13 22 248.26 222.44 238.03 211.70 221.42 200.29 208.31 191.37 185.11 172.53    84.98   -69.23 100013    80
2005   1  1 13 22 248.86 221.95 236.39 211.70 220.58 199.47 207.89 190.13 184.29 171.70    84.92   -69.78 100013    81
2005   1  1 15 50 247.62 221.45 237.04 213.30 220.70 201.84 209.40 191.88 187.43 175.56    84.51   -69.73 100013    48
2005   1  1 15 50 247.02 222.44 236.67 213.32 220.26 201.83 210.63 192.32 188.28 175.96    84.53   -67.75 100013    45
2005   1  1 15 50 247.52 221.65 235.44 212.91 219.42 201.01 208.11 191.51 187.06 174.30    84.56   -68.57 100013    46
2005   1  1 15 50 248.41 222.24 236.26 213.32 220.26 200.19 208.53 191.10 186.65 173.88    84.57   -69.41 100013    47
2005   1  1 15 50 247.23 221.95 236.66 213.75 222.33 203.90 212.71 196.87 193.99 181.76    84.53   -65.72 100013    42
2005   1  1 15 50 247.43 222.14 236.25 213.75 220.23 202.26 211.04 193.99 190.73 177.60    84.56   -66.53 100013    43
2005   1  1 15 50 248.43 221.45 236.24 214.58 219.81 201.44 208.94 193.18 188.69 175.94    84.58   -67.35 100013    44
2005   1  1 15 50 248.33 221.35 236.66 213.34 218.56 199.39 207.68 190.71 186.65 173.45    84.61   -68.17 100013    45
2005   1  1 15 50 248.23 221.45 235.42 214.17 218.98 201.03 208.10 190.71 185.83 172.62    84.64   -69.01 100013    46
2005   1  1 15 50 248.23 221.75 236.66 212.93 218.56 200.62 208.10 191.12 187.06 173.86    84.65   -69.86 100013    47
2005   1  1 15 50 248.03 222.26 237.06 216.24 223.59 203.53 213.16 196.05 193.58 181.34    84.57   -65.35 100013    41
2005   1  1 15 50 248.13 222.26 235.84 213.77 221.91 202.30 210.65 193.60 190.73 177.18    84.61   -66.16 100013    42
2005   1  1 15 50 248.03 221.96 237.07 213.36 221.08 201.48 209.81 191.95 189.50 175.94    84.64   -66.98 100013    43
2005   1  1 15 50 247.74 222.16 236.66 212.53 219.40 201.07 207.71 191.14 185.83 172.61    84.66   -67.81 100013    44
2005   1  1 15 50 247.64 221.67 235.84 212.95 218.56 199.02 207.29 190.73 185.01 171.78    84.68   -68.65 100013    45
2005   1  1 15 50 247.64 221.28 237.07 213.77 218.98 200.66 208.13 191.14 186.24 172.20    84.71   -69.50 100013    46
2005   1  1 15 50 248.63 222.06 237.05 213.33 221.97 202.33 211.09 194.41 189.09 177.19    84.65   -65.77 100013    41
2005   1  1 15 50 247.34 221.77 236.64 213.33 221.13 200.68 209.41 192.36 189.10 175.52    84.68   -66.60 100013    42
2005   1  1 15 50 248.24 221.57 235.41 212.93 218.62 199.87 207.73 190.72 186.24 172.61    84.71   -67.43 100013    43
2005   1  1 15 50 248.43 221.28 236.64 212.51 218.62 199.46 207.31 190.31 184.60 172.62    84.74   -68.28 100013    44
2005   1  1 15 50 248.33 222.55 236.64 212.10 219.87 200.69 207.73 191.13 185.84 171.78    84.76   -69.14 100013    45
2005   1  1 15 50 247.71 223.01 238.69 214.54 221.54 202.33 209.41 194.42 190.33 176.79    84.70   -65.37 100013    40
2005   1  1 15 50 247.72 221.35 237.47 212.07 221.13 199.86 209.84 192.36 187.88 174.30    84.73   -66.19 100013    41
2005   1  1 15 50 248.81 221.93 236.65 212.90 219.87 199.86 207.74 191.13 186.65 173.88    84.76   -67.03 100013    42
2005   1  1 15 50 248.11 221.84 236.24 213.31 218.61 199.87 207.74 190.72 186.25 173.47    84.79   -67.87 100013    43
2005   1  1 15 50 247.92 221.74 236.24 212.07 219.87 199.86 207.32 191.13 185.84 173.47    84.82   -68.74 100013    44
2005   1  1 15 50 248.41 221.93 237.47 211.25 219.87 199.04 207.32 189.49 186.66 172.63    84.85   -69.61 100013    45
2005   1  1 15 50 247.75 222.52 238.28 213.72 222.37 202.72 211.52 194.82 191.57 177.59    84.75   -65.01 100013    39
2005   1  1 15 50 247.85 222.62 237.88 212.08 221.95 200.67 209.42 192.77 188.31 174.68    84.78   -65.83 100013    40
2005   1  1 15 50 247.75 222.04 236.65 212.08 220.27 199.85 208.16 191.54 186.68 173.02    84.82   -66.67 100013    41
2005   1  1 15 50 248.35 221.45 237.06 212.08 219.85 200.26 208.16 190.72 185.85 173.44    84.85   -67.52 100013    42
2005   1  1 15 50 248.35 221.54 236.65 211.67 219.02 199.03 209.01 190.71 186.67 173.44    84.87   -68.39 100013    43
2005   1  1 15 50 248.05 221.94 237.88 210.84 219.01 199.85 208.16 190.72 185.86 172.60    84.89   -69.26 100013    44
2005   1  1 15 50 247.86 222.11 237.45 213.71 221.11 201.48 209.84 191.96 189.96 175.51    84.83   -65.42 100013    39
2005   1  1 15 50 247.66 221.72 237.04 213.71 221.12 199.83 208.99 191.55 187.10 172.60    84.86   -66.26 100013    40
2005   1  1 15 50 247.86 220.94 237.04 212.48 219.86 199.84 207.31 190.74 187.51 173.43    84.89   -67.11 100013    41
2005   1  1 15 50 247.56 221.13 236.63 212.48 220.28 200.66 208.16 190.32 187.51 173.43    84.92   -67.98 100013    42
2005   1  1 15 50 248.36 221.03 237.46 211.24 219.86 200.66 208.15 191.14 185.46 173.02    84.94   -68.86 100013    43
2005   1  1 15 50 247.16 221.72 237.46 211.24 218.18 198.19 206.06 188.27 180.97 167.62    84.97   -69.75 100013    44
2005   1  1 15 50 247.85 222.39 238.29 212.05 220.70 200.64 209.40 191.55 188.31 174.25    84.88   -65.05 100013    38
2005   1  1 15 50 248.15 222.29 237.46 212.87 221.54 200.23 208.56 190.73 186.27 173.01    84.91   -65.89 100013    39
2005   1  1 15 50 247.85 221.90 237.47 212.05 221.12 200.23 208.98 190.73 186.27 173.01    84.94   -66.75 100013    40
2005   1  1 15 50 247.95 222.20 236.65 212.46 221.53 201.46 208.13 191.15 185.45 173.01    84.97   -67.62 100013    41
2005   1  1 15 50 249.68 222.17 236.63 212.43 221.10 201.05 209.00 190.34 184.24 172.21    84.96   -65.50 100013    38
2005   1  1 15 50 249.08 221.98 237.45 211.60 221.10 201.05 208.16 189.94 184.24 171.38    84.99   -66.36 100013    39
