1,1,2.485896e+02,2.222678e+02,2.372755e+02,2.135546e+02,2.212060e+02,2.012335e+02,2.102282e+02,1.933217e+02,1.883374e+02,1.751863e+02
1,2,2.480505e+02,2.216971e+02,2.370469e+02,2.136769e+02,2.214123e+02,2.020119e+02,2.108863e+02,1.947343e+02,1.896334e+02,1.779739e+02
1,3,2.480095e+02,2.219908e+02,2.370141e+02,2.142314e+02,2.210818e+02,2.033008e+02,2.105433e+02,1.968991e+02,1.878331e+02,1.787723e+02
1,4,2.474006e+02,2.213543e+02,2.368134e+02,2.144965e+02,2.205855e+02,2.044704e+02,2.099934e+02,1.981194e+02,1.871566e+02,1.792926e+02
1,5,2.453926e+02,2.197503e+02,2.365392e+02,2.151584e+02,2.197120e+02,2.054613e+02,2.079428e+02,1.976333e+02,1.852797e+02,1.772067e+02
1,6,2.459258e+02,2.210079e+02,2.363322e+02,2.158822e+02,2.194139e+02,2.063981e+02,2.077247e+02,1.985491e+02,1.850987e+02,1.771530e+02
1,7,2.456802e+02,2.212393e+02,2.359321e+02,2.163015e+02,2.193112e+02,2.074249e+02,2.084285e+02,1.999163e+02,1.863523e+02,1.778129e+02
1,8,2.465433e+02,2.227533e+02,2.362120e+02,2.175696e+02,2.198525e+02,2.088758e+02,2.093440e+02,2.013037e+02,1.875421e+02,1.785011e+02
1,9,2.471286e+02,2.252364e+02,2.361934e+02,2.205921e+02,2.196952e+02,2.095355e+02,2.087814e+02,1.977823e+02,1.870967e+02,1.759723e+02
1,10,2.476688e+02,2.292477e+02,2.361659e+02,2.203189e+02,2.198294e+02,2.032619e+02,2.088604e+02,1.956715e+02,1.863301e+02,1.769564e+02
1,11,2.474254e+02,2.291262e+02,2.364675e+02,2.211011e+02,2.208613e+02,2.052354e+02,2.112403e+02,1.990655e+02,1.900113e+02,1.812050e+02
1,12,2.459276e+02,2.277467e+02,2.368041e+02,2.203125e+02,2.220531e+02,2.070613e+02,2.123930e+02,2.002659e+02,1.920989e+02,1.828426e+02
1,13,2.470157e+02,2.299770e+02,2.379128e+02,2.227978e+02,2.235290e+02,2.087195e+02,2.140157e+02,2.023225e+02,1.934841e+02,1.839715e+02
1,14,0,0,0,0,0,0,0,0,0,0
1,15,0,0,0,0,0,0,0,0,0,0
1,16,2.459395e+02,2.202962e+02,2.375272e+02,2.147208e+02,2.221079e+02,2.032109e+02,2.114047e+02,1.953866e+02,1.895101e+02,1.771378e+02
1,17,2.483364e+02,2.230373e+02,2.371363e+02,2.148631e+02,2.214887e+02,2.028352e+02,2.105598e+02,1.947159e+02,1.883530e+02,1.762923e+02
1,18,2.473043e+02,2.219938e+02,2.364860e+02,2.142298e+02,2.204275e+02,2.019494e+02,2.094972e+02,1.937643e+02,1.872595e+02,1.754612e+02
1,19,2.474672e+02,2.223097e+02,2.365816e+02,2.151379e+02,2.209216e+02,2.043096e+02,2.111559e+02,1.976975e+02,1.902048e+02,1.812891e+02
1,20,2.471453e+02,2.234873e+02,2.365102e+02,2.178272e+02,2.203023e+02,2.083417e+02,2.091885e+02,1.998778e+02,1.871302e+02,1.783798e+02
1,21,2.450857e+02,2.214737e+02,2.363302e+02,2.160239e+02,2.201837e+02,2.037463e+02,2.094439e+02,1.952509e+02,1.876933e+02,1.764616e+02
1,22,2.459555e+02,2.202824e+02,2.363876e+02,2.137183e+02,2.206270e+02,2.017259e+02,2.107355e+02,1.945907e+02,1.886842e+02,1.762565e+02
1,23,2.465451e+02,2.218844e+02,2.369691e+02,2.149196e+02,2.213081e+02,2.030730e+02,2.118556e+02,1.963709e+02,1.899731e+02,1.780049e+02
1,24,2.473938e+02,2.243896e+02,2.370481e+02,2.174133e+02,2.208148e+02,2.073329e+02,2.097275e+02,1.994422e+02,1.880316e+02,1.801996e+02
1,25,2.478528e+02,2.232291e+02,2.376668e+02,2.159747e+02,2.230091e+02,2.052947e+02,2.141156e+02,1.992292e+02,1.951043e+02,1.837687e+02
1,26,2.487417e+02,2.232892e+02,2.376363e+02,2.152622e+02,2.225587e+02,2.039721e+02,2.130502e+02,1.972798e+02,1.923480e+02,1.798007e+02
1,27,2.483813e+02,2.225674e+02,2.376901e+02,2.149155e+02,2.218488e+02,2.029564e+02,2.117939e+02,1.955910e+02,1.902839e+02,1.775936e+02
1,28,2.466978e+02,2.206844e+02,2.374593e+02,2.147056e+02,2.212002e+02,2.023637e+02,2.096903e+02,1.935792e+02,1.874533e+02,1.754003e+02
1,29,2.470162e+02,2.213884e+02,2.370250e+02,2.145260e+02,2.202183e+02,2.016638e+02,2.086706e+02,1.927623e+02,1.862549e+02,1.742169e+02
1,30,2.456554e+02,2.199850e+02,2.370106e+02,2.145175e+02,2.208104e+02,2.024506e+02,2.105991e+02,1.950983e+02,1.882931e+02,1.764679e+02
1,31,2.474212e+02,2.214850e+02,2.377512e+02,2.145897e+02,2.226743e+02,2.032169e+02,2.131833e+02,1.966352e+02,1.919204e+02,1.786201e+02
2,1,2.475633e+02,2.201703e+02,2.379103e+02,2.135854e+02,2.237342e+02,2.031043e+02,2.147458e+02,1.967931e+02,1.960695e+02,1.820217e+02
2,2,2.487616e+02,2.219440e+02,2.377050e+02,2.143635e+02,2.224554e+02,2.033413e+02,2.123880e+02,1.959823e+02,1.915379e+02,1.796333e+02
2,3,2.483413e+02,2.241409e+02,2.378159e+02,2.174978e+02,2.222270e+02,2.062396e+02,2.111182e+02,1.973407e+02,1.906006e+02,1.793427e+02
2,4,2.485885e+02,2.238087e+02,2.375725e+02,2.156730e+02,2.216193e+02,2.030707e+02,2.101964e+02,1.939402e+02,1.894036e+02,1.768362e+02
2,5,2.472541e+02,2.225351e+02,2.368708e+02,2.150979e+02,2.205242e+02,2.019344e+02,2.086617e+02,1.923815e+02,1.869822e+02,1.744746e+02
2,6,2.457646e+02,2.211704e+02,2.371894e+02,2.154575e+02,2.214467e+02,2.030406e+02,2.112876e+02,1.954298e+02,1.902610e+02,1.777424e+02
2,7,2.469451e+02,2.221461e+02,2.376639e+02,2.156834e+02,2.225831e+02,2.040299e+02,2.122565e+02,1.963208e+02,1.932271e+02,1.807153e+02
2,8,2.469609e+02,2.220955e+02,2.376101e+02,2.158511e+02,2.216422e+02,2.032591e+02,2.103805e+02,1.943522e+02,1.895767e+02,1.773096e+02
2,9,2.476209e+02,2.230180e+02,2.371780e+02,2.155527e+02,2.210186e+02,2.028632e+02,2.100013e+02,1.944007e+02,1.882431e+02,1.764403e+02
2,10,2.476660e+02,2.234790e+02,2.369818e+02,2.158330e+02,2.206767e+02,2.035880e+02,2.095846e+02,1.947482e+02,1.888458e+02,1.781408e+02
2,11,2.482802e+02,2.245336e+02,2.371161e+02,2.166337e+02,2.206496e+02,2.046693e+02,2.094083e+02,1.960831e+02,1.882879e+02,1.789459e+02
2,12,2.478161e+02,2.241850e+02,2.371898e+02,2.168186e+02,2.209395e+02,2.051665e+02,2.101256e+02,1.970254e+02,1.890981e+02,1.797491e+02
2,13,2.465890e+02,2.217209e+02,2.374731e+02,2.154820e+02,2.216019e+02,2.031329e+02,2.107819e+02,1.945422e+02,1.907818e+02,1.780578e+02
2,14,2.475406e+02,2.219758e+02,2.379705e+02,2.150896e+02,2.233132e+02,2.039111e+02,2.142979e+02,1.975677e+02,1.940301e+02,1.804195e+02
2,15,2.459653e+02,2.205371e+02,2.374484e+02,2.146712e+02,2.221209e+02,2.029264e+02,2.116467e+02,1.947905e+02,1.911798e+02,1.780006e+02
2,16,2.469789e+02,2.214994e+02,2.369835e+02,2.142050e+02,2.210558e+02,2.021182e+02,2.100057e+02,1.933856e+02,1.888956e+02,1.764667e+02
2,17,2.466295e+02,2.208486e+02,2.363935e+02,2.137024e+02,2.202200e+02,2.014342e+02,2.092290e+02,1.925185e+02,1.882855e+02,1.753874e+02
2,18,2.476892e+02,2.222115e+02,2.363021e+02,2.137518e+02,2.201149e+02,2.010178e+02,2.089899e+02,1.923149e+02,1.881865e+02,1.750636e+02
2,19,2.470048e+02,2.206296e+02,2.364321e+02,2.130745e+02,2.204018e+02,2.005133e+02,2.095813e+02,1.921230e+02,1.889089e+02,1.751930e+02
2,20,2.475072e+02,2.218120e+02,2.365311e+02,2.138975e+02,2.202550e+02,2.010908e+02,2.092128e+02,1.925037e+02,1.875959e+02,1.747782e+02
2,21,2.467910e+02,2.209351e+02,2.364323e+02,2.138964e+02,2.198680e+02,2.007034e+02,2.085236e+02,1.914842e+02,1.868512e+02,1.734602e+02
2,22,2.449067e+02,2.190937e+02,2.361726e+02,2.138412e+02,2.194349e+02,2.003586e+02,2.076546e+02,1.907319e+02,1.854149e+02,1.726079e+02
2,23,2.453124e+02,2.198821e+02,2.358125e+02,2.137424e+02,2.188770e+02,1.999410e+02,2.069336e+02,1.901774e+02,1.848277e+02,1.723160e+02
2,24,2.450916e+02,2.198607e+02,2.355620e+02,2.137673e+02,2.185105e+02,1.999330e+02,2.064768e+02,1.900727e+02,1.844837e+02,1.724208e+02
2,25,2.463610e+02,2.211645e+02,2.361793e+02,2.141531e+02,2.206627e+02,2.017204e+02,2.113623e+02,1.954577e+02,1.893180e+02,1.762858e+02
2,26,2.471429e+02,2.236729e+02,2.365966e+02,2.162517e+02,2.210599e+02,2.037264e+02,2.110632e+02,1.960138e+02,1.904963e+02,1.784337e+02
2,27,2.482562e+02,2.269182e+02,2.370611e+02,2.166695e+02,2.218221e+02,2.039221e+02,2.116892e+02,1.964624e+02,1.923942e+02,1.800761e+02
2,28,2.475969e+02,2.260167e+02,2.368695e+02,2.156507e+02,2.208557e+02,2.034254e+02,2.097400e+02,1.946476e+02,1.892055e+02,1.766158e+02
2,29,0,0,0,0,0,0,0,0,0,0
2,30,0,0,0,0,0,0,0,0,0,0
2,31,0,0,0,0,0,0,0,0,0,0
3,1,2.390198e+02,2.189454e+02,2.354967e+02,2.141246e+02,2.180603e+02,2.026052e+02,2.058916e+02,1.907021e+02,1.863271e+02,1.739222e+02
3,2,2.390999e+02,2.169831e+02,2.353075e+02,2.143040e+02,2.176657e+02,2.012577e+02,2.053615e+02,1.891677e+02,1.857123e+02,1.733790e+02
3,3,2.379218e+02,2.142940e+02,2.353548e+02,2.141631e+02,2.180290e+02,2.019496e+02,2.064069e+02,1.910474e+02,1.874883e+02,1.758918e+02
3,4,2.387182e+02,2.154498e+02,2.347006e+02,2.141152e+02,2.165229e+02,2.008600e+02,2.036516e+02,1.885573e+02,1.835041e+02,1.726806e+02
3,5,2.383148e+02,2.149966e+02,2.339372e+02,2.134155e+02,2.153950e+02,2.001364e+02,2.023521e+02,1.876465e+02,1.815434e+02,1.710066e+02
3,6,2.388952e+02,2.157620e+02,2.333564e+02,2.131884e+02,2.145577e+02,1.996102e+02,2.014477e+02,1.869779e+02,1.805743e+02,1.705806e+02
3,7,2.380658e+02,2.150201e+02,2.331305e+02,2.129984e+02,2.144559e+02,1.996351e+02,2.019383e+02,1.877885e+02,1.814671e+02,1.715092e+02
3,8,2.389053e+02,2.159299e+02,2.334662e+02,2.132884e+02,2.153670e+02,2.004663e+02,2.033380e+02,1.890401e+02,1.831760e+02,1.727087e+02
3,9,2.382841e+02,2.153487e+02,2.337254e+02,2.137348e+02,2.161598e+02,2.015484e+02,2.047863e+02,1.907650e+02,1.854863e+02,1.752168e+02
3,10,2.364931e+02,2.136310e+02,2.334966e+02,2.135700e+02,2.152794e+02,2.004910e+02,2.026235e+02,1.884756e+02,1.826341e+02,1.724744e+02
3,11,2.371778e+02,2.143318e+02,2.332510e+02,2.132408e+02,2.152177e+02,2.002055e+02,2.028422e+02,1.882180e+02,1.833148e+02,1.725036e+02
3,12,2.368458e+02,2.139036e+02,2.331083e+02,2.131471e+02,2.150408e+02,2.001305e+02,2.030236e+02,1.887097e+02,1.830654e+02,1.724558e+02
3,13,2.386321e+02,2.142453e+02,2.337583e+02,2.121764e+02,2.162451e+02,1.996002e+02,2.052996e+02,1.891559e+02,1.859120e+02,1.734664e+02
3,14,2.395510e+02,2.167923e+02,2.350308e+02,2.150191e+02,2.180932e+02,2.027425e+02,2.072801e+02,1.924327e+02,1.887477e+02,1.769645e+02
3,15,2.405159e+02,2.166046e+02,2.355124e+02,2.142844e+02,2.181169e+02,2.016942e+02,2.068282e+02,1.908365e+02,1.882673e+02,1.757567e+02
3,16,2.399540e+02,2.169401e+02,2.355653e+02,2.157493e+02,2.177967e+02,2.027993e+02,2.056569e+02,1.911672e+02,1.863716e+02,1.759464e+02
3,17,2.385353e+02,2.159736e+02,2.349155e+02,2.158491e+02,2.164874e+02,2.035173e+02,2.040984e+02,1.920356e+02,1.835100e+02,1.760795e+02
3,18,2.383971e+02,2.163551e+02,2.346200e+02,2.165670e+02,2.165573e+02,2.051201e+02,2.041041e+02,1.938023e+02,1.836268e+02,1.770821e+02
3,19,2.369875e+02,2.156841e+02,2.343531e+02,2.173156e+02,2.157208e+02,2.060672e+02,2.030960e+02,1.941681e+02,1.828399e+02,1.762893e+02
3,20,2.380946e+02,2.166506e+02,2.339038e+02,2.162467e+02,2.158399e+02,2.038303e+02,2.035077e+02,1.920760e+02,1.833304e+02,1.744459e+02
3,21,2.381308e+02,2.152407e+02,2.338612e+02,2.138807e+02,2.155615e+02,2.002933e+02,2.032936e+02,1.883176e+02,1.832873e+02,1.721775e+02
3,22,2.391337e+02,2.165386e+02,2.333781e+02,2.138506e+02,2.151308e+02,2.002558e+02,2.027164e+02,1.882533e+02,1.824380e+02,1.719597e+02
3,23,2.386641e+02,2.164826e+02,2.336998e+02,2.151149e+02,2.156385e+02,2.022327e+02,2.030345e+02,1.905832e+02,1.830430e+02,1.745706e+02
3,24,2.392826e+02,2.200280e+02,2.337552e+02,2.196055e+02,2.150556e+02,2.068623e+02,2.019605e+02,1.929185e+02,1.821819e+02,1.739060e+02
3,25,2.379706e+02,2.189448e+02,2.333909e+02,2.194679e+02,2.144985e+02,2.063684e+02,2.014714e+02,1.922747e+02,1.812476e+02,1.730760e+02
3,26,2.371046e+02,2.180215e+02,2.340573e+02,2.194634e+02,2.162772e+02,2.065844e+02,2.053624e+02,1.950217e+02,1.862358e+02,1.776068e+02
3,27,2.379577e+02,2.150134e+02,2.341172e+02,2.140672e+02,2.166398e+02,2.008105e+02,2.050482e+02,1.898923e+02,1.861845e+02,1.745146e+02
3,28,2.370016e+02,2.138591e+02,2.336133e+02,2.133674e+02,2.156798e+02,1.998817e+02,2.037421e+02,1.882811e+02,1.840874e+02,1.724146e+02
3,29,2.387264e+02,2.158218e+02,2.337543e+02,2.136581e+02,2.158250e+02,2.004425e+02,2.034297e+02,1.886173e+02,1.838885e+02,1.736465e+02
3,30,2.384933e+02,2.157095e+02,2.336763e+02,2.143592e+02,2.154319e+02,2.021919e+02,2.031474e+02,1.909784e+02,1.833204e+02,1.764470e+02
3,31,2.393274e+02,2.174587e+02,2.339833e+02,2.160469e+02,2.157713e+02,2.046545e+02,2.036318e+02,1.935431e+02,1.842776e+02,1.779527e+02
4,1,2.388058e+02,2.173060e+02,2.342180e+02,2.158571e+02,2.160338e+02,2.021638e+02,2.037387e+02,1.900990e+02,1.847332e+02,1.747276e+02
4,2,2.379547e+02,2.166639e+02,2.342111e+02,2.158552e+02,2.158947e+02,2.021256e+02,2.032686e+02,1.898832e+02,1.836740e+02,1.738808e+02
4,3,2.377079e+02,2.163892e+02,2.341437e+02,2.159201e+02,2.159069e+02,2.022006e+02,2.034452e+02,1.902317e+02,1.836198e+02,1.739769e+02
4,4,2.367172e+02,2.153247e+02,2.339857e+02,2.158108e+02,2.154029e+02,2.020552e+02,2.028752e+02,1.897240e+02,1.831600e+02,1.737321e+02
4,5,2.379437e+02,2.169637e+02,2.338083e+02,2.158195e+02,2.153768e+02,2.019380e+02,2.028966e+02,1.898798e+02,1.832070e+02,1.740035e+02
4,6,2.380029e+02,2.169735e+02,2.338981e+02,2.159828e+02,2.154381e+02,2.021945e+02,2.027536e+02,1.899784e+02,1.833234e+02,1.741546e+02
4,7,2.391135e+02,2.180882e+02,2.339371e+02,2.160364e+02,2.153663e+02,2.021657e+02,2.026896e+02,1.899437e+02,1.831950e+02,1.741658e+02
4,8,2.386919e+02,2.176360e+02,2.341654e+02,2.162339e+02,2.160250e+02,2.028378e+02,2.038898e+02,1.913097e+02,1.844844e+02,1.755867e+02
4,9,2.396648e+02,2.190016e+02,2.344188e+02,2.174000e+02,2.165861e+02,2.048771e+02,2.047673e+02,1.935996e+02,1.856192e+02,1.779558e+02
4,10,2.386810e+02,2.183661e+02,2.345522e+02,2.178929e+02,2.164089e+02,2.052212e+02,2.044290e+02,1.934800e+02,1.853470e+02,1.777624e+02
4,11,2.378118e+02,2.196759e+02,2.352262e+02,2.203427e+02,2.178986e+02,2.076792e+02,2.072962e+02,1.969205e+02,1.881575e+02,1.796114e+02
4,12,2.393543e+02,2.209579e+02,2.359410e+02,2.199056e+02,2.185954e+02,2.065793e+02,2.073815e+02,1.947638e+02,1.900663e+02,1.800095e+02
4,13,2.391009e+02,2.198152e+02,2.363054e+02,2.198849e+02,2.197061e+02,2.066408e+02,2.091064e+02,1.959720e+02,1.921441e+02,1.814152e+02
4,14,2.413325e+02,2.221602e+02,2.367562e+02,2.204363e+02,2.203494e+02,2.077940e+02,2.099630e+02,1.971409e+02,1.932325e+02,1.830571e+02
4,15,2.410414e+02,2.173433e+02,2.369599e+02,2.159202e+02,2.204628e+02,2.038593e+02,2.100868e+02,1.940434e+02,1.928236e+02,1.800791e+02
4,16,2.423017e+02,2.199118e+02,2.372462e+02,2.175135e+02,2.213557e+02,2.054674e+02,2.115782e+02,1.961253e+02,1.946380e+02,1.819827e+02
4,17,2.414109e+02,2.194175e+02,2.370676e+02,2.172506e+02,2.200814e+02,2.042635e+02,2.084256e+02,1.927227e+02,1.913229e+02,1.788908e+02
4,18,2.404688e+02,2.186013e+02,2.367991e+02,2.172611e+02,2.195148e+02,2.038398e+02,2.073348e+02,1.918036e+02,1.893335e+02,1.774702e+02
4,19,2.401597e+02,2.180965e+02,2.368525e+02,2.173317e+02,2.197761e+02,2.044541e+02,2.085603e+02,1.937102e+02,1.902587e+02,1.788122e+02
4,20,2.396801e+02,2.171982e+02,2.372642e+02,2.176314e+02,2.204780e+02,2.051130e+02,2.090577e+02,1.937879e+02,1.915052e+02,1.797045e+02
4,21,2.412554e+02,2.186493e+02,2.375415e+02,2.178800e+02,2.208636e+02,2.054823e+02,2.100394e+02,1.951782e+02,1.920833e+02,1.806364e+02
4,22,2.413856e+02,2.193217e+02,2.376720e+02,2.186118e+02,2.208648e+02,2.064444e+02,2.096491e+02,1.958001e+02,1.918952e+02,1.816905e+02
4,23,2.431335e+02,2.260270e+02,2.381661e+02,2.226673e+02,2.214433e+02,2.097349e+02,2.097062e+02,1.973175e+02,1.930703e+02,1.830769e+02
4,24,2.422348e+02,2.227435e+02,2.377601e+02,2.205147e+02,2.207457e+02,2.073134e+02,2.087104e+02,1.950529e+02,1.913830e+02,1.804413e+02
4,25,2.425055e+02,2.186191e+02,2.376661e+02,2.168647e+02,2.208874e+02,2.043684e+02,2.097635e+02,1.939136e+02,1.924363e+02,1.800255e+02
4,26,2.413740e+02,2.175005e+02,2.377785e+02,2.170730e+02,2.214590e+02,2.050726e+02,2.112168e+02,1.954731e+02,1.938942e+02,1.815142e+02
4,27,2.408698e+02,2.177084e+02,2.386149e+02,2.186196e+02,2.219362e+02,2.065076e+02,2.103242e+02,1.953092e+02,1.939980e+02,1.828545e+02
4,28,2.414196e+02,2.182625e+02,2.384184e+02,2.187054e+02,2.217408e+02,2.065064e+02,2.098770e+02,1.954292e+02,1.927561e+02,1.823610e+02
4,29,2.410495e+02,2.179503e+02,2.384348e+02,2.191126e+02,2.216974e+02,2.074508e+02,2.102877e+02,1.967550e+02,1.933000e+02,1.840011e+02
4,30,2.430676e+02,2.204085e+02,2.389227e+02,2.196139e+02,2.232953e+02,2.086435e+02,2.141216e+02,2.005444e+02,1.963761e+02,1.856022e+02
4,31,0,0,0,0,0,0,0,0,0,0
5,1,2.433949e+02,2.227529e+02,2.398348e+02,2.223354e+02,2.248922e+02,2.109639e+02,2.163030e+02,2.029510e+02,1.996494e+02,1.884423e+02
5,2,2.443774e+02,2.218567e+02,2.400204e+02,2.205098e+02,2.246539e+02,2.088856e+02,2.149718e+02,1.996657e+02,1.988961e+02,1.863679e+02
5,3,2.431387e+02,2.197208e+02,2.399435e+02,2.197222e+02,2.277547e+02,2.112483e+02,2.216252e+02,2.065226e+02,2.070200e+02,1.938170e+02
5,4,2.427873e+02,2.191259e+02,2.403353e+02,2.195501e+02,2.269348e+02,2.089977e+02,2.178109e+02,2.001776e+02,2.032664e+02,1.875622e+02
5,5,2.411760e+02,2.165776e+02,2.414173e+02,2.201289e+02,2.277574e+02,2.103169e+02,2.186089e+02,2.020319e+02,2.024095e+02,1.882489e+02
5,6,2.436616e+02,2.206450e+02,2.426725e+02,2.236940e+02,2.286067e+02,2.130180e+02,2.193078e+02,2.041661e+02,2.037097e+02,1.912957e+02
5,7,2.445040e+02,2.223062e+02,2.417053e+02,2.233083e+02,2.279084e+02,2.136538e+02,2.192789e+02,2.056822e+02,2.043596e+02,1.931473e+02
5,8,2.446351e+02,2.249917e+02,2.420740e+02,2.245697e+02,2.289446e+02,2.164574e+02,2.209838e+02,2.094351e+02,2.064793e+02,1.967079e+02
5,9,2.462683e+02,2.273570e+02,2.425642e+02,2.256774e+02,2.293043e+02,2.167651e+02,2.208375e+02,2.096536e+02,2.070777e+02,1.978334e+02
5,10,2.457903e+02,2.271722e+02,2.427280e+02,2.258567e+02,2.295083e+02,2.162087e+02,2.206960e+02,2.080803e+02,2.062876e+02,1.965902e+02
5,11,2.470157e+02,2.285829e+02,2.431733e+02,2.271188e+02,2.301557e+02,2.173652e+02,2.215081e+02,2.097958e+02,2.076257e+02,1.984802e+02
5,12,2.464404e+02,2.286398e+02,2.438378e+02,2.274176e+02,2.306865e+02,2.185154e+02,2.220546e+02,2.104025e+02,2.085985e+02,1.997276e+02
5,13,2.453832e+02,2.255444e+02,2.438637e+02,2.262189e+02,2.302138e+02,2.161928e+02,2.210462e+02,2.070340e+02,2.060759e+02,1.943844e+02
5,14,2.460500e+02,2.231158e+02,2.436908e+02,2.239329e+02,2.298761e+02,2.137775e+02,2.210149e+02,2.057070e+02,2.056808e+02,1.929681e+02
5,15,2.455698e+02,2.221927e+02,2.439147e+02,2.237696e+02,2.301434e+02,2.139143e+02,2.221296e+02,2.070409e+02,2.057849e+02,1.931726e+02
5,16,2.475314e+02,2.230339e+02,2.439236e+02,2.227549e+02,2.300686e+02,2.131787e+02,2.220219e+02,2.066584e+02,2.052345e+02,1.926162e+02
5,17,2.474486e+02,2.230732e+02,2.444388e+02,2.235038e+02,2.312953e+02,2.144886e+02,2.231509e+02,2.079725e+02,2.079506e+02,1.957314e+02
5,18,2.482365e+02,2.244250e+02,2.444911e+02,2.243441e+02,2.311236e+02,2.155728e+02,2.224294e+02,2.081825e+02,2.073268e+02,1.962815e+02
5,19,2.479126e+02,2.236939e+02,2.448433e+02,2.242000e+02,2.320650e+02,2.157173e+02,2.250119e+02,2.102068e+02,2.086478e+02,1.965103e+02
5,20,2.476029e+02,2.236753e+02,2.453802e+02,2.248959e+02,2.315456e+02,2.150247e+02,2.222697e+02,2.068514e+02,2.056333e+02,1.931615e+02
5,21,2.477921e+02,2.241325e+02,2.460263e+02,2.260530e+02,2.326701e+02,2.172217e+02,2.256091e+02,2.117107e+02,2.073466e+02,1.956745e+02
5,22,2.472722e+02,2.236946e+02,2.464121e+02,2.260543e+02,2.324547e+02,2.159044e+02,2.228926e+02,2.071458e+02,2.068920e+02,1.940202e+02
5,23,2.491604e+02,2.256762e+02,2.469937e+02,2.268293e+02,2.343606e+02,2.181223e+02,2.271996e+02,2.124019e+02,2.103457e+02,1.973674e+02
5,24,2.498417e+02,2.263251e+02,2.475548e+02,2.274077e+02,2.347890e+02,2.185957e+02,2.270738e+02,2.117972e+02,2.115854e+02,1.986580e+02
5,25,2.511134e+02,2.274662e+02,2.474913e+02,2.270423e+02,2.351304e+02,2.184770e+02,2.278404e+02,2.123369e+02,2.133512e+02,2.008851e+02
5,26,2.503797e+02,2.267431e+02,2.475061e+02,2.271787e+02,2.359143e+02,2.190763e+02,2.296402e+02,2.142589e+02,2.166939e+02,2.038790e+02
5,27,2.513887e+02,2.273754e+02,2.479047e+02,2.267324e+02,2.355427e+02,2.168708e+02,2.288076e+02,2.113652e+02,2.113690e+02,1.950571e+02
5,28,2.514449e+02,2.242034e+02,2.505956e+02,2.265984e+02,2.439081e+02,2.235619e+02,2.410754e+02,2.235141e+02,2.293061e+02,2.109059e+02
5,29,2.600648e+02,2.353541e+02,2.648735e+02,2.471980e+02,2.674477e+02,2.547944e+02,2.660456e+02,2.557023e+02,2.619678e+02,2.533323e+02
5,30,2.549531e+02,2.364633e+02,2.554570e+02,2.409803e+02,2.477580e+02,2.361244e+02,2.408725e+02,2.292675e+02,2.209576e+02,2.097761e+02
5,31,2.502789e+02,2.301210e+02,2.493389e+02,2.338277e+02,2.361706e+02,2.230678e+02,2.285191e+02,2.143295e+02,2.086109e+02,1.951626e+02
