1,1,2.588150e+02,2.358838e+02,2.542893e+02,2.340315e+02,2.568733e+02,2.357685e+02,2.554973e+02,2.366012e+02,2.503542e+02,2.321465e+02
1,2,2.577197e+02,2.341788e+02,2.529447e+02,2.321176e+02,2.552004e+02,2.333088e+02,2.540428e+02,2.349094e+02,2.489083e+02,2.310293e+02
1,3,2.564158e+02,2.318208e+02,2.517432e+02,2.301168e+02,2.540895e+02,2.320742e+02,2.529039e+02,2.337317e+02,2.479338e+02,2.309712e+02
1,4,2.553902e+02,2.306217e+02,2.507686e+02,2.291574e+02,2.529487e+02,2.316125e+02,2.518105e+02,2.332499e+02,2.469057e+02,2.308696e+02
1,5,2.554064e+02,2.314616e+02,2.508503e+02,2.298153e+02,2.529280e+02,2.328083e+02,2.519063e+02,2.350800e+02,2.469033e+02,2.331256e+02
1,6,2.561857e+02,2.322377e+02,2.522855e+02,2.321771e+02,2.548589e+02,2.363510e+02,2.540348e+02,2.388928e+02,2.492322e+02,2.364717e+02
1,7,2.582252e+02,2.354282e+02,2.545848e+02,2.360768e+02,2.576672e+02,2.406155e+02,2.568627e+02,2.433102e+02,2.520444e+02,2.393002e+02
1,8,2.597182e+02,2.387415e+02,2.558482e+02,2.360962e+02,2.592219e+02,2.412206e+02,2.582184e+02,2.437980e+02,2.538533e+02,2.400533e+02
1,9,2.599986e+02,2.379504e+02,2.563600e+02,2.361974e+02,2.596850e+02,2.400603e+02,2.587335e+02,2.428447e+02,2.540262e+02,2.388518e+02
1,10,2.608920e+02,2.370175e+02,2.565068e+02,2.386944e+02,2.600769e+02,2.417720e+02,2.589788e+02,2.434266e+02,2.545824e+02,2.399158e+02
1,11,2.592449e+02,2.361743e+02,2.545000e+02,2.377294e+02,2.574393e+02,2.391099e+02,2.563771e+02,2.403766e+02,2.516644e+02,2.364905e+02
1,12,2.590738e+02,2.377145e+02,2.544871e+02,2.395072e+02,2.574654e+02,2.411857e+02,2.563223e+02,2.427215e+02,2.516800e+02,2.388821e+02
1,13,2.573310e+02,2.369673e+02,2.532081e+02,2.390782e+02,2.560836e+02,2.408986e+02,2.547546e+02,2.418769e+02,2.500596e+02,2.370209e+02
1,16,2.564616e+02,2.388916e+02,2.556345e+02,2.403064e+02,2.588886e+02,2.421272e+02,2.580680e+02,2.438832e+02,2.527515e+02,2.365915e+02
1,17,2.597222e+02,2.416099e+02,2.554889e+02,2.395728e+02,2.585513e+02,2.413431e+02,2.576341e+02,2.426082e+02,2.526874e+02,2.363970e+02
1,18,2.591045e+02,2.418456e+02,2.544808e+02,2.391936e+02,2.572805e+02,2.402074e+02,2.562671e+02,2.411371e+02,2.510451e+02,2.347912e+02
1,19,2.585766e+02,2.420529e+02,2.539884e+02,2.388512e+02,2.564776e+02,2.395100e+02,2.555016e+02,2.402566e+02,2.503023e+02,2.346128e+02
1,20,2.586381e+02,2.396599e+02,2.540671e+02,2.374032e+02,2.569632e+02,2.389745e+02,2.561780e+02,2.404117e+02,2.511092e+02,2.361642e+02
1,21,2.596322e+02,2.352796e+02,2.553805e+02,2.355748e+02,2.585540e+02,2.396442e+02,2.580179e+02,2.423866e+02,2.532450e+02,2.384229e+02
1,22,2.595284e+02,2.313656e+02,2.562541e+02,2.333237e+02,2.598615e+02,2.390853e+02,2.595248e+02,2.428063e+02,2.552698e+02,2.397969e+02
1,23,2.612716e+02,2.287471e+02,2.584156e+02,2.330627e+02,2.622044e+02,2.408626e+02,2.619859e+02,2.456215e+02,2.577025e+02,2.427270e+02
1,24,2.623761e+02,2.303934e+02,2.597141e+02,2.346283e+02,2.638603e+02,2.419160e+02,2.633775e+02,2.462513e+02,2.591870e+02,2.432785e+02
1,25,2.634495e+02,2.351488e+02,2.605617e+02,2.384153e+02,2.642440e+02,2.425700e+02,2.633662e+02,2.454296e+02,2.585827e+02,2.418198e+02
1,26,2.636533e+02,2.367498e+02,2.600731e+02,2.397201e+02,2.638131e+02,2.441360e+02,2.628601e+02,2.463430e+02,2.582773e+02,2.419556e+02
1,27,2.629586e+02,2.355914e+02,2.592941e+02,2.384342e+02,2.629251e+02,2.427240e+02,2.620881e+02,2.447178e+02,2.571756e+02,2.396747e+02
1,28,2.621973e+02,2.352891e+02,2.583094e+02,2.374279e+02,2.615864e+02,2.407919e+02,2.605010e+02,2.422700e+02,2.554526e+02,2.374691e+02
1,29,2.614825e+02,2.363295e+02,2.576222e+02,2.384389e+02,2.605964e+02,2.422049e+02,2.595363e+02,2.434128e+02,2.541970e+02,2.389139e+02
1,30,2.608173e+02,2.389762e+02,2.569445e+02,2.413207e+02,2.596385e+02,2.430176e+02,2.583621e+02,2.431854e+02,2.527828e+02,2.380811e+02
1,31,2.603846e+02,2.387933e+02,2.566426e+02,2.400627e+02,2.593615e+02,2.404511e+02,2.580777e+02,2.405145e+02,2.525882e+02,2.362375e+02
2,1,2.612472e+02,2.390651e+02,2.578995e+02,2.400529e+02,2.608998e+02,2.414418e+02,2.598436e+02,2.431275e+02,2.543468e+02,2.382779e+02
2,2,2.622546e+02,2.382718e+02,2.581878e+02,2.388714e+02,2.613961e+02,2.416084e+02,2.603738e+02,2.435258e+02,2.553164e+02,2.391867e+02
2,3,2.633812e+02,2.383621e+02,2.595476e+02,2.392786e+02,2.634832e+02,2.429365e+02,2.626656e+02,2.454483e+02,2.578231e+02,2.415833e+02
2,4,2.639935e+02,2.413309e+02,2.602688e+02,2.425017e+02,2.645833e+02,2.472250e+02,2.637670e+02,2.496298e+02,2.590508e+02,2.459087e+02
2,5,2.637269e+02,2.405205e+02,2.600611e+02,2.417527e+02,2.642386e+02,2.464632e+02,2.633782e+02,2.487686e+02,2.585850e+02,2.446038e+02
2,6,2.636497e+02,2.385193e+02,2.603111e+02,2.399604e+02,2.645280e+02,2.433888e+02,2.636982e+02,2.451716e+02,2.587561e+02,2.398116e+02
2,7,2.617717e+02,2.363914e+02,2.590602e+02,2.381357e+02,2.630858e+02,2.404662e+02,2.621348e+02,2.414896e+02,2.571057e+02,2.356702e+02
2,8,2.616772e+02,2.380440e+02,2.586255e+02,2.398458e+02,2.619072e+02,2.423802e+02,2.607109e+02,2.429065e+02,2.549211e+02,2.360007e+02
2,9,2.611647e+02,2.384996e+02,2.575455e+02,2.399391e+02,2.603136e+02,2.425819e+02,2.589376e+02,2.421629e+02,2.528008e+02,2.350538e+02
2,10,2.607817e+02,2.375040e+02,2.568225e+02,2.375436e+02,2.594370e+02,2.388072e+02,2.583539e+02,2.395271e+02,2.520467e+02,2.327423e+02
2,11,2.604775e+02,2.378778e+02,2.556855e+02,2.365075e+02,2.580737e+02,2.364484e+02,2.566304e+02,2.357036e+02,2.502299e+02,2.295425e+02
2,12,2.601385e+02,2.385444e+02,2.552245e+02,2.362332e+02,2.573713e+02,2.344981e+02,2.559558e+02,2.336708e+02,2.493175e+02,2.277220e+02
2,13,2.602059e+02,2.390188e+02,2.552943e+02,2.362928e+02,2.575191e+02,2.342516e+02,2.560264e+02,2.338342e+02,2.492682e+02,2.279710e+02
2,14,2.617698e+02,2.411797e+02,2.574296e+02,2.388736e+02,2.603356e+02,2.375505e+02,2.589942e+02,2.380962e+02,2.524809e+02,2.320350e+02
2,15,2.636784e+02,2.425734e+02,2.595099e+02,2.403107e+02,2.627689e+02,2.392060e+02,2.616423e+02,2.400144e+02,2.550887e+02,2.341525e+02
2,16,2.627527e+02,2.422152e+02,2.589232e+02,2.406278e+02,2.618235e+02,2.395876e+02,2.605414e+02,2.396925e+02,2.540834e+02,2.342719e+02
2,17,2.633662e+02,2.421274e+02,2.596329e+02,2.403310e+02,2.629910e+02,2.396283e+02,2.620708e+02,2.412716e+02,2.558233e+02,2.350972e+02
2,18,2.644492e+02,2.411789e+02,2.601581e+02,2.387334e+02,2.636411e+02,2.386276e+02,2.628367e+02,2.405616e+02,2.572073e+02,2.352317e+02
2,19,2.652330e+02,2.422163e+02,2.608670e+02,2.397713e+02,2.645514e+02,2.402598e+02,2.637421e+02,2.425715e+02,2.583489e+02,2.384460e+02
2,20,2.648109e+02,2.414874e+02,2.603327e+02,2.390190e+02,2.637546e+02,2.388709e+02,2.627818e+02,2.400469e+02,2.568442e+02,2.357193e+02
2,21,2.650646e+02,2.421421e+02,2.605810e+02,2.398504e+02,2.641444e+02,2.400767e+02,2.632610e+02,2.418034e+02,2.572621e+02,2.365841e+02
2,22,2.651985e+02,2.422533e+02,2.609723e+02,2.400350e+02,2.644304e+02,2.399964e+02,2.633401e+02,2.410070e+02,2.571246e+02,2.356233e+02
2,23,2.624270e+02,2.393848e+02,2.584802e+02,2.379919e+02,2.612072e+02,2.373496e+02,2.596776e+02,2.369053e+02,2.523875e+02,2.302741e+02
2,24,2.599290e+02,2.372537e+02,2.560694e+02,2.358112e+02,2.582476e+02,2.343782e+02,2.568103e+02,2.339604e+02,2.490552e+02,2.265238e+02
2,25,2.594124e+02,2.369059e+02,2.550575e+02,2.346406e+02,2.569995e+02,2.331050e+02,2.553345e+02,2.320926e+02,2.478016e+02,2.253880e+02
2,26,2.588284e+02,2.370850e+02,2.537225e+02,2.334873e+02,2.552578e+02,2.313839e+02,2.537802e+02,2.306108e+02,2.456874e+02,2.236600e+02
2,27,2.579081e+02,2.368836e+02,2.528210e+02,2.330927e+02,2.543283e+02,2.307858e+02,2.526078e+02,2.296831e+02,2.445007e+02,2.234804e+02
2,28,2.563990e+02,2.355271e+02,2.512786e+02,2.315150e+02,2.527151e+02,2.292759e+02,2.510082e+02,2.282441e+02,2.425069e+02,2.228225e+02
3,1,2.488996e+02,2.285403e+02,2.500351e+02,2.304013e+02,2.502891e+02,2.297269e+02,2.481802e+02,2.277247e+02,2.416471e+02,2.254667e+02
3,2,2.484907e+02,2.288115e+02,2.499193e+02,2.307344e+02,2.501661e+02,2.303638e+02,2.480689e+02,2.285492e+02,2.415069e+02,2.264243e+02
3,3,2.476959e+02,2.271814e+02,2.493974e+02,2.298879e+02,2.497845e+02,2.298191e+02,2.476628e+02,2.275701e+02,2.408810e+02,2.239348e+02
3,4,2.468061e+02,2.253856e+02,2.487365e+02,2.288942e+02,2.490014e+02,2.288225e+02,2.468927e+02,2.262566e+02,2.401509e+02,2.221113e+02
3,5,2.477814e+02,2.272906e+02,2.497578e+02,2.311361e+02,2.503853e+02,2.315598e+02,2.483831e+02,2.294953e+02,2.416618e+02,2.249038e+02
3,6,2.505119e+02,2.271902e+02,2.520315e+02,2.306565e+02,2.533945e+02,2.320033e+02,2.519557e+02,2.304009e+02,2.465991e+02,2.270711e+02
3,7,2.520773e+02,2.285245e+02,2.530621e+02,2.323104e+02,2.543451e+02,2.340855e+02,2.525970e+02,2.322461e+02,2.467149e+02,2.285547e+02
3,8,2.509704e+02,2.288109e+02,2.519997e+02,2.321518e+02,2.529334e+02,2.334074e+02,2.511705e+02,2.316945e+02,2.450253e+02,2.270122e+02
3,9,2.517236e+02,2.303876e+02,2.529234e+02,2.339969e+02,2.544370e+02,2.363466e+02,2.528375e+02,2.350555e+02,2.472473e+02,2.307741e+02
3,10,2.508659e+02,2.280466e+02,2.519894e+02,2.319036e+02,2.529501e+02,2.337913e+02,2.511339e+02,2.320324e+02,2.452327e+02,2.280780e+02
3,11,2.495981e+02,2.270329e+02,2.512165e+02,2.311679e+02,2.519845e+02,2.327549e+02,2.500389e+02,2.306678e+02,2.437769e+02,2.266291e+02
3,12,2.488278e+02,2.271338e+02,2.505056e+02,2.309952e+02,2.512309e+02,2.322548e+02,2.491650e+02,2.298412e+02,2.424103e+02,2.253538e+02
3,13,2.486026e+02,2.266929e+02,2.501834e+02,2.304894e+02,2.505838e+02,2.316218e+02,2.486008e+02,2.292689e+02,2.420092e+02,2.250361e+02
3,14,2.480400e+02,2.264148e+02,2.494839e+02,2.300730e+02,2.500712e+02,2.315141e+02,2.480162e+02,2.293281e+02,2.409936e+02,2.248704e+02
3,15,2.489743e+02,2.274045e+02,2.499100e+02,2.305842e+02,2.504152e+02,2.327941e+02,2.485484e+02,2.313336e+02,2.418414e+02,2.280114e+02
3,16,2.495168e+02,2.282444e+02,2.505676e+02,2.319004e+02,2.513510e+02,2.356421e+02,2.495870e+02,2.349053e+02,2.429914e+02,2.314702e+02
3,17,2.518036e+02,2.308107e+02,2.530419e+02,2.345962e+02,2.541500e+02,2.377728e+02,2.524825e+02,2.365678e+02,2.464112e+02,2.319923e+02
3,18,2.518427e+02,2.299297e+02,2.531303e+02,2.339143e+02,2.544652e+02,2.370231e+02,2.528033e+02,2.358004e+02,2.468033e+02,2.312758e+02
3,19,2.514945e+02,2.306154e+02,2.531667e+02,2.348081e+02,2.544157e+02,2.376552e+02,2.525643e+02,2.360061e+02,2.460774e+02,2.309240e+02
3,20,2.512740e+02,2.309381e+02,2.531209e+02,2.354008e+02,2.541338e+02,2.383827e+02,2.523298e+02,2.368693e+02,2.458333e+02,2.316135e+02
3,21,2.498785e+02,2.304395e+02,2.517428e+02,2.352611e+02,2.528418e+02,2.391593e+02,2.508229e+02,2.372883e+02,2.434238e+02,2.299751e+02
3,22,2.506492e+02,2.311471e+02,2.515724e+02,2.351105e+02,2.524700e+02,2.386196e+02,2.506457e+02,2.367222e+02,2.435236e+02,2.296381e+02
3,23,2.507300e+02,2.299347e+02,2.517413e+02,2.337957e+02,2.526507e+02,2.370137e+02,2.508259e+02,2.352216e+02,2.437721e+02,2.285893e+02
3,24,2.510281e+02,2.295916e+02,2.520788e+02,2.334753e+02,2.531210e+02,2.365137e+02,2.514013e+02,2.350523e+02,2.444315e+02,2.293891e+02
3,25,2.513901e+02,2.315984e+02,2.524569e+02,2.361877e+02,2.536116e+02,2.404222e+02,2.517446e+02,2.391958e+02,2.443297e+02,2.332880e+02
3,26,2.515391e+02,2.331320e+02,2.527762e+02,2.386573e+02,2.537512e+02,2.431354e+02,2.517162e+02,2.409787e+02,2.441156e+02,2.334007e+02
3,27,2.509010e+02,2.335464e+02,2.526938e+02,2.399818e+02,2.537217e+02,2.435288e+02,2.516140e+02,2.403309e+02,2.438501e+02,2.318805e+02
3,28,2.508264e+02,2.312878e+02,2.529763e+02,2.371167e+02,2.542710e+02,2.400687e+02,2.522891e+02,2.374373e+02,2.447517e+02,2.299473e+02
3,29,2.513883e+02,2.280344e+02,2.533560e+02,2.329362e+02,2.549007e+02,2.361326e+02,2.531018e+02,2.347178e+02,2.465518e+02,2.298896e+02
3,30,2.510126e+02,2.270081e+02,2.526794e+02,2.314350e+02,2.538049e+02,2.344492e+02,2.517203e+02,2.325766e+02,2.441537e+02,2.273902e+02
3,31,2.513330e+02,2.275658e+02,2.522705e+02,2.313648e+02,2.533263e+02,2.345499e+02,2.511884e+02,2.329726e+02,2.437111e+02,2.277982e+02
4,1,2.521542e+02,2.290086e+02,2.531220e+02,2.328958e+02,2.542693e+02,2.362731e+02,2.522854e+02,2.347747e+02,2.448474e+02,2.291134e+02
4,2,2.516425e+02,2.281047e+02,2.527791e+02,2.324038e+02,2.538853e+02,2.358771e+02,2.517748e+02,2.341656e+02,2.443002e+02,2.286273e+02
4,3,2.502860e+02,2.258510e+02,2.515929e+02,2.304736e+02,2.527464e+02,2.342709e+02,2.506381e+02,2.324314e+02,2.428939e+02,2.268246e+02
4,4,2.492643e+02,2.240239e+02,2.511455e+02,2.295153e+02,2.522542e+02,2.335299e+02,2.500900e+02,2.318419e+02,2.421644e+02,2.265084e+02
4,5,2.493546e+02,2.250343e+02,2.512903e+02,2.306464e+02,2.522734e+02,2.345842e+02,2.501815e+02,2.327919e+02,2.425501e+02,2.276291e+02
4,6,2.504902e+02,2.268728e+02,2.525699e+02,2.324129e+02,2.537839e+02,2.365189e+02,2.516327e+02,2.350247e+02,2.437062e+02,2.289252e+02
4,7,2.512165e+02,2.277108e+02,2.524815e+02,2.328315e+02,2.537341e+02,2.376425e+02,2.514574e+02,2.361849e+02,2.436142e+02,2.309199e+02
4,8,2.502747e+02,2.271059e+02,2.513572e+02,2.322092e+02,2.522757e+02,2.367800e+02,2.499126e+02,2.350345e+02,2.414685e+02,2.290041e+02
4,9,2.499907e+02,2.267891e+02,2.510305e+02,2.317823e+02,2.521223e+02,2.362575e+02,2.496843e+02,2.342628e+02,2.412831e+02,2.277803e+02
4,10,2.502753e+02,2.275603e+02,2.512321e+02,2.322450e+02,2.520592e+02,2.363185e+02,2.497973e+02,2.342864e+02,2.413724e+02,2.276116e+02
4,11,2.510284e+02,2.281365e+02,2.523158e+02,2.328724e+02,2.534518e+02,2.366495e+02,2.511230e+02,2.348590e+02,2.427828e+02,2.278565e+02
4,12,2.510880e+02,2.283237e+02,2.529868e+02,2.338277e+02,2.541872e+02,2.376612e+02,2.518931e+02,2.358478e+02,2.436914e+02,2.288823e+02
4,13,2.515978e+02,2.294287e+02,2.540236e+02,2.355111e+02,2.552038e+02,2.393855e+02,2.530504e+02,2.375074e+02,2.446270e+02,2.300628e+02
4,14,2.520550e+02,2.294587e+02,2.542992e+02,2.352306e+02,2.556663e+02,2.389452e+02,2.535299e+02,2.369719e+02,2.457524e+02,2.300865e+02
4,15,2.516542e+02,2.278559e+02,2.536753e+02,2.335833e+02,2.554285e+02,2.378942e+02,2.533696e+02,2.361958e+02,2.452522e+02,2.295082e+02
4,16,2.525341e+02,2.304697e+02,2.540215e+02,2.348382e+02,2.558213e+02,2.394728e+02,2.538651e+02,2.383625e+02,2.460604e+02,2.316361e+02
4,17,2.531480e+02,2.307396e+02,2.544237e+02,2.347797e+02,2.559425e+02,2.385550e+02,2.536510e+02,2.366768e+02,2.457469e+02,2.300981e+02
4,18,2.534465e+02,2.300634e+02,2.548657e+02,2.350510e+02,2.565004e+02,2.390074e+02,2.543629e+02,2.371990e+02,2.465275e+02,2.307949e+02
4,19,2.533584e+02,2.301106e+02,2.548047e+02,2.352845e+02,2.565174e+02,2.397459e+02,2.544354e+02,2.384146e+02,2.463663e+02,2.325164e+02
4,20,2.527130e+02,2.296716e+02,2.548614e+02,2.361902e+02,2.566462e+02,2.423641e+02,2.545008e+02,2.415706e+02,2.462055e+02,2.346425e+02
4,21,2.525647e+02,2.297603e+02,2.548317e+02,2.369712e+02,2.566169e+02,2.441492e+02,2.543038e+02,2.427750e+02,2.459016e+02,2.340240e+02
4,22,2.521158e+02,2.299690e+02,2.546039e+02,2.380422e+02,2.562411e+02,2.450096e+02,2.538009e+02,2.422044e+02,2.450504e+02,2.316679e+02
4,23,2.532702e+02,2.320207e+02,2.550464e+02,2.398768e+02,2.568824e+02,2.462277e+02,2.544188e+02,2.425633e+02,2.461158e+02,2.322865e+02
4,24,2.534081e+02,2.327076e+02,2.552065e+02,2.408641e+02,2.570390e+02,2.451724e+02,2.546557e+02,2.418667e+02,2.465561e+02,2.337507e+02
4,25,2.535384e+02,2.342178e+02,2.553669e+02,2.413143e+02,2.574037e+02,2.445672e+02,2.553633e+02,2.429460e+02,2.477043e+02,2.351586e+02
4,26,2.539548e+02,2.337057e+02,2.557393e+02,2.393599e+02,2.578501e+02,2.429698e+02,2.556772e+02,2.408851e+02,2.480979e+02,2.337468e+02
4,27,2.536446e+02,2.302759e+02,2.556301e+02,2.359602e+02,2.575398e+02,2.394965e+02,2.554047e+02,2.372521e+02,2.480945e+02,2.314395e+02
4,28,2.524167e+02,2.267014e+02,2.552132e+02,2.331052e+02,2.574632e+02,2.374084e+02,2.557265e+02,2.360059e+02,2.488261e+02,2.309485e+02
4,29,2.512284e+02,2.214874e+02,2.544092e+02,2.286333e+02,2.570798e+02,2.341536e+02,2.553977e+02,2.335364e+02,2.485419e+02,2.290967e+02
4,30,2.515824e+02,2.212434e+02,2.544209e+02,2.282661e+02,2.568645e+02,2.339117e+02,2.548842e+02,2.331279e+02,2.475791e+02,2.283687e+02
5,1,2.521620e+02,2.213015e+02,2.547281e+02,2.283011e+02,2.565983e+02,2.339920e+02,2.544651e+02,2.332188e+02,2.460816e+02,2.280743e+02
5,2,2.531918e+02,2.228610e+02,2.552748e+02,2.298500e+02,2.574854e+02,2.359339e+02,2.551015e+02,2.350174e+02,2.468723e+02,2.297555e+02
5,3,2.539230e+02,2.246288e+02,2.557259e+02,2.316720e+02,2.571978e+02,2.370643e+02,2.547747e+02,2.358929e+02,2.462315e+02,2.305250e+02
5,4,2.525716e+02,2.225776e+02,2.545911e+02,2.302541e+02,2.565484e+02,2.370518e+02,2.547078e+02,2.365755e+02,2.467250e+02,2.298249e+02
5,5,2.514793e+02,2.212825e+02,2.538722e+02,2.291394e+02,2.565289e+02,2.353693e+02,2.550909e+02,2.355716e+02,2.479848e+02,2.300425e+02
5,6,2.510054e+02,2.245794e+02,2.547523e+02,2.326599e+02,2.580019e+02,2.390300e+02,2.568179e+02,2.388568e+02,2.501997e+02,2.337766e+02
5,7,2.519857e+02,2.257870e+02,2.553837e+02,2.332419e+02,2.584830e+02,2.386353e+02,2.569257e+02,2.382415e+02,2.504927e+02,2.331941e+02
5,8,2.523904e+02,2.253868e+02,2.558781e+02,2.327225e+02,2.584745e+02,2.376237e+02,2.569085e+02,2.374427e+02,2.496739e+02,2.315615e+02
5,9,2.543168e+02,2.266234e+02,2.567835e+02,2.332090e+02,2.593929e+02,2.384070e+02,2.576707e+02,2.379841e+02,2.504114e+02,2.323336e+02
5,10,2.549341e+02,2.277439e+02,2.571169e+02,2.344296e+02,2.595951e+02,2.399820e+02,2.577787e+02,2.393969e+02,2.505928e+02,2.344132e+02
5,11,2.546321e+02,2.289678e+02,2.570926e+02,2.367454e+02,2.596281e+02,2.431341e+02,2.581168e+02,2.426451e+02,2.505289e+02,2.364622e+02
5,12,2.541449e+02,2.278472e+02,2.567208e+02,2.357205e+02,2.598742e+02,2.429487e+02,2.588629e+02,2.438266e+02,2.523961e+02,2.381084e+02
5,13,2.523790e+02,2.146981e+02,2.550977e+02,2.196745e+02,2.584871e+02,2.264573e+02,2.587763e+02,2.322801e+02,2.537111e+02,2.285991e+02
5,14,2.503755e+02,2.121854e+02,2.539388e+02,2.185064e+02,2.575131e+02,2.255036e+02,2.573745e+02,2.288830e+02,2.539743e+02,2.281470e+02
5,15,2.527294e+02,2.197004e+02,2.562755e+02,2.252754e+02,2.595981e+02,2.309195e+02,2.592855e+02,2.332743e+02,2.555549e+02,2.318906e+02
5,16,2.509325e+02,2.174823e+02,2.544466e+02,2.230565e+02,2.581468e+02,2.274465e+02,2.580730e+02,2.297023e+02,2.554620e+02,2.270897e+02
5,17,2.498755e+02,2.195123e+02,2.528828e+02,2.239066e+02,2.557772e+02,2.266566e+02,2.554815e+02,2.278318e+02,2.509492e+02,2.222642e+02
5,18,2.506326e+02,2.217519e+02,2.530874e+02,2.260004e+02,2.559971e+02,2.279051e+02,2.551483e+02,2.268995e+02,2.511468e+02,2.219472e+02
5,19,2.512824e+02,2.189506e+02,2.535096e+02,2.229929e+02,2.555736e+02,2.236508e+02,2.541322e+02,2.216733e+02,2.484469e+02,2.162474e+02
5,20,2.538581e+02,2.219968e+02,2.561678e+02,2.270622e+02,2.581929e+02,2.300468e+02,2.564168e+02,2.288276e+02,2.504097e+02,2.240929e+02
5,21,2.526417e+02,2.209949e+02,2.548853e+02,2.260901e+02,2.565499e+02,2.286279e+02,2.549684e+02,2.274508e+02,2.489253e+02,2.233388e+02
5,22,2.525276e+02,2.210265e+02,2.554330e+02,2.268486e+02,2.572665e+02,2.300442e+02,2.558955e+02,2.296693e+02,2.498519e+02,2.246355e+02
5,23,2.528405e+02,2.216237e+02,2.561447e+02,2.278391e+02,2.586779e+02,2.317733e+02,2.575070e+02,2.316551e+02,2.527377e+02,2.278701e+02
5,24,2.532260e+02,2.235229e+02,2.566658e+02,2.299974e+02,2.590505e+02,2.335131e+02,2.579255e+02,2.333791e+02,2.525412e+02,2.286799e+02
5,25,2.541091e+02,2.250999e+02,2.569028e+02,2.310071e+02,2.596098e+02,2.346816e+02,2.583679e+02,2.341684e+02,2.534600e+02,2.291060e+02
5,26,2.545284e+02,2.259168e+02,2.571268e+02,2.315479e+02,2.598090e+02,2.341945e+02,2.588265e+02,2.334674e+02,2.536984e+02,2.272460e+02
5,27,2.529190e+02,2.244488e+02,2.556159e+02,2.297045e+02,2.584278e+02,2.317759e+02,2.576529e+02,2.311958e+02,2.526342e+02,2.236516e+02
5,28,2.521346e+02,2.242334e+02,2.547319e+02,2.295097e+02,2.576782e+02,2.321561e+02,2.570909e+02,2.318588e+02,2.525767e+02,2.269865e+02
5,29,2.523238e+02,2.228959e+02,2.550388e+02,2.283832e+02,2.578646e+02,2.317225e+02,2.570122e+02,2.313423e+02,2.520302e+02,2.267673e+02
5,30,2.519619e+02,2.211377e+02,2.552376e+02,2.272345e+02,2.577276e+02,2.306172e+02,2.570643e+02,2.311914e+02,2.520321e+02,2.260573e+02
5,31,2.521173e+02,2.211839e+02,2.558248e+02,2.281409e+02,2.588371e+02,2.336985e+02,2.592343e+02,2.378536e+02,2.538979e+02,2.312168e+02