2.373482e+02,1.396832e+01,5.587382e-02,3.820411e+02,7.615008e-01
2.406507e+02,8.295413e+00,8.295560e-02,3.467590e+02,6.034934e-01
2.325974e+02,1.413203e+01,3.507380e-02,3.159527e+02,5.126673e-01
2.489765e+02,1.666667e-02,1.000000e-01,3.238845e+02,9.998333e-01
2.469850e+02,1.666667e-02,1.000000e-01,3.049473e+02,9.998333e-01
2.517465e+02,1.666667e-02,1.000000e-01,3.069242e+02,9.998333e-01
2.299500e+02,1.459875e+01,1.904463e-01,2.383622e+02,9.998333e-01
2.338741e+02,1.613049e+01,1.057614e-01,3.406591e+02,9.998333e-01
2.368064e+02,1.665256e+01,6.704576e-02,3.613608e+02,9.998333e-01
2.385919e+02,1.939998e+01,6.535842e-02,3.051380e+02,9.998333e-01
2.354063e+02,1.492097e+01,8.450894e-02,3.416264e+02,9.998333e-01
2.314751e+02,1.683702e+01,1.192162e-01,2.984440e+02,9.998333e-01
2.299500e+02,1.368921e+01,1.472577e-01,3.036941e+02,9.998333e-01
2.324385e+02,3.805426e-01,1.000000e-01,3.434786e+02,9.998333e-01
2.711500e+02,1.654495e-01,1.000000e-01,7.758143e+02,1.726371e-01
2.519660e+02,4.463688e-01,2.067047e-02,3.350316e+02,1.666667e-04
2.579350e+02,1.666667e-02,1.000000e-01,3.057364e+02,9.998333e-01
2.398845e+02,1.480712e+01,5.610125e-02,2.646951e+02,6.049021e-01
2.349140e+02,1.602786e+01,1.167550e-01,2.259170e+02,9.998333e-01
2.299500e+02,1.802410e+01,2.383686e-01,1.506222e+02,9.998333e-01
2.690438e+02,1.733627e-02,1.000000e-01,2.251990e+02,9.998333e-01
2.689226e+02,1.347424e-02,1.000000e-01,3.283025e+02,9.998333e-01
2.544707e+02,6.149897e-02,1.000000e-01,3.210182e+02,9.998333e-01
2.600158e+02,1.586692e+01,2.272142e-01,3.929945e+02,9.998333e-01
2.632625e+02,8.582704e+00,2.448711e-01,3.424171e+02,9.998333e-01
2.331133e+02,2.095126e+01,1.085057e-01,4.993193e+02,9.998333e-01
2.492196e+02,1.393897e+01,1.425334e-01,2.719928e+02,9.998333e-01
2.368347e+02,2.039246e+01,1.359362e-01,3.473011e+02,9.998333e-01
2.551899e+02,3.090768e+00,4.193188e-01,2.463292e+02,4.062377e-01
2.494203e+02,1.254952e+01,1.541193e-01,3.565073e+02,9.998333e-01
2.424206e+02,2.108667e+01,9.139735e-02,4.002857e+02,9.998333e-01
2.444385e+02,2.388058e+01,9.215519e-02,4.314028e+02,9.998333e-01
2.410032e+02,2.810333e+01,1.681937e-01,3.704923e+02,9.998333e-01
2.421055e+02,2.600716e+01,1.591622e-01,3.803831e+02,9.998333e-01
2.597802e+02,8.146150e+00,2.664803e-01,4.316154e+02,9.998333e-01
2.668738e+02,1.666667e-02,1.000000e-01,2.999862e+02,9.998333e-01
2.526596e+02,1.666667e-02,1.000000e-01,1.386390e+03,9.998333e-01
2.569178e+02,1.569628e+00,2.030183e-01,3.803098e+02,5.326758e-01
2.517727e+02,4.304818e+01,1.028541e-01,4.990052e+01,9.998333e-01
2.546217e+02,1.666667e-02,1.000000e-01,3.024065e+02,9.998333e-01
2.615626e+02,1.001582e-01,1.000000e-01,3.675186e+02,9.998333e-01
2.711500e+02,6.049893e+00,1.504423e-01,3.698717e+02,4.492540e-01
2.711500e+02,8.883927e-02,1.000000e-01,1.003199e+03,3.874411e-01
2.704671e+02,1.666667e-02,1.000000e-01,3.029345e+02,9.998333e-01
2.652004e+02,1.666667e-02,1.000000e-01,2.730565e+02,9.998333e-01
2.711500e+02,3.215845e+01,1.666667e-03,3.071559e+02,1.666667e-04
2.704165e+02,1.666667e-02,1.000000e-01,2.873765e+02,9.998333e-01
2.711500e+02,2.419423e-02,1.000000e-01,2.660364e+02,9.998333e-01
2.699236e+02,1.666667e-02,1.000000e-01,2.818505e+02,9.998333e-01
2.711500e+02,1.666667e-02,1.000000e-01,2.690677e+02,9.998333e-01
2.711500e+02,1.666667e-02,1.000000e-01,2.830735e+02,9.998333e-01
2.711500e+02,1.340363e-01,1.000000e-01,1.789542e+03,9.998333e-01
2.586111e+02,1.666667e-02,1.000000e-01,3.029156e+02,9.998333e-01
2.533072e+02,1.696745e+00,2.563218e-01,2.821935e+02,1.666667e-04
2.299500e+02,4.449652e+01,1.000000e-01,7.596785e+01,1.666667e-04
2.505748e+02,1.666667e-02,1.000000e-01,2.953126e+02,9.998333e-01
2.455356e+02,1.645838e+01,7.838887e-02,1.939552e+02,1.666667e-04
2.363662e+02,1.666667e-02,1.000000e-01,3.049743e+02,9.998333e-01
2.359614e+02,1.666667e-02,1.000000e-01,3.051662e+02,9.998333e-01
2.359984e+02,1.000412e-02,1.000000e-01,1.666667e-01,9.998333e-01
2.320937e+02,1.666667e-02,1.000000e-01,3.061761e+02,9.998333e-01
2.299500e+02,3.620486e+00,1.965523e-01,3.407344e+02,7.313174e-01
2.329448e+02,2.707527e+00,1.359153e-01,4.073149e+02,6.235233e-01
2.320223e+02,4.904423e+00,1.307213e-01,4.204736e+02,7.758476e-01
2.317136e+02,4.214393e+00,1.646762e-01,3.815629e+02,7.307922e-01
2.299500e+02,6.065073e+00,1.543587e-01,4.047046e+02,9.998333e-01
2.299500e+02,4.956036e+00,1.528319e-01,4.142647e+02,8.475050e-01
2.299500e+02,4.235494e+00,1.680309e-01,4.047575e+02,7.933435e-01
2.299500e+02,3.949821e+00,1.825279e-01,3.726215e+02,7.290583e-01
2.299500e+02,3.755078e+00,1.792310e-01,3.656284e+02,6.920647e-01
2.299500e+02,3.642967e+00,1.868773e-01,3.376601e+02,7.009227e-01
2.363985e+02,1.666667e-02,1.000000e-01,3.056553e+02,9.998333e-01
2.385117e+02,1.666667e-02,1.000000e-01,3.062103e+02,9.998333e-01
2.299500e+02,7.362813e+00,2.202316e-01,2.422221e+02,9.998333e-01
2.299500e+02,7.114820e+00,2.048695e-01,2.195860e+02,9.998333e-01
2.455788e+02,1.666667e-02,1.000000e-01,3.063064e+02,9.998333e-01
2.452720e+02,1.666667e-02,1.000000e-01,3.061266e+02,9.998333e-01
2.414225e+02,1.666667e-02,1.000000e-01,3.051778e+02,9.998333e-01
2.420406e+02,1.666667e-02,1.000000e-01,3.043386e+02,9.998333e-01
2.418764e+02,1.666667e-02,1.000000e-01,3.048841e+02,9.998333e-01
2.427304e+02,1.666667e-02,1.000000e-01,3.054790e+02,9.998333e-01
2.444861e+02,1.666667e-02,1.000000e-01,3.047300e+02,9.998333e-01
2.456365e+02,1.666667e-02,1.000000e-01,3.036382e+02,9.998333e-01
2.451484e+02,1.666667e-02,1.000000e-01,3.034113e+02,9.998333e-01
2.448536e+02,1.666667e-02,1.000000e-01,3.050829e+02,9.998333e-01
2.451405e+02,1.666667e-02,1.000000e-01,3.077791e+02,9.998333e-01
2.422309e+02,1.666667e-02,1.000000e-01,3.058888e+02,9.998333e-01
2.299500e+02,8.217974e+00,2.711046e-01,1.788915e+02,9.998333e-01
2.448014e+02,1.666667e-02,1.000000e-01,3.050197e+02,9.998333e-01
2.433652e+02,1.666667e-02,1.000000e-01,3.051801e+02,9.998333e-01
2.396216e+02,1.666667e-02,1.000000e-01,3.058658e+02,9.998333e-01
2.374404e+02,1.666667e-02,1.000000e-01,3.067108e+02,9.998333e-01
2.381051e+02,1.666667e-02,1.000000e-01,3.066678e+02,9.998333e-01
2.416739e+02,1.666667e-02,1.000000e-01,3.061819e+02,9.998333e-01
2.424444e+02,1.666667e-02,1.000000e-01,3.054561e+02,9.998333e-01
2.391235e+02,1.666667e-02,1.000000e-01,3.044294e+02,9.998333e-01
2.384512e+02,1.666667e-02,1.000000e-01,3.044654e+02,9.998333e-01
2.390541e+02,1.666667e-02,1.000000e-01,3.039193e+02,9.998333e-01
2.417913e+02,1.666667e-02,1.000000e-01,3.042733e+02,9.998333e-01
2.431800e+02,1.666667e-02,1.000000e-01,3.050161e+02,9.998333e-01
2.458320e+02,1.666667e-02,1.000000e-01,3.050563e+02,9.998333e-01
2.471510e+02,1.666667e-02,1.000000e-01,3.057134e+02,9.998333e-01
2.454713e+02,1.666667e-02,1.000000e-01,3.063073e+02,9.998333e-01
2.480812e+02,1.666667e-02,1.000000e-01,3.042184e+02,9.998333e-01
2.482976e+02,1.666667e-02,1.000000e-01,3.092328e+02,9.998333e-01
2.499003e+02,1.666667e-02,1.000000e-01,3.053218e+02,9.998333e-01
2.498686e+02,1.666667e-02,1.000000e-01,3.055007e+02,9.998333e-01
2.496260e+02,1.666667e-02,1.000000e-01,3.061471e+02,9.998333e-01
2.496449e+02,1.666667e-02,1.000000e-01,3.057611e+02,9.998333e-01
2.486054e+02,1.666667e-02,1.000000e-01,3.048675e+02,9.998333e-01
2.524019e+02,1.666667e-02,1.000000e-01,3.044712e+02,9.998333e-01
2.529042e+02,1.666667e-02,1.000000e-01,3.050125e+02,9.998333e-01
2.542460e+02,1.666667e-02,1.000000e-01,3.067751e+02,9.998333e-01
2.544623e+02,1.666667e-02,1.000000e-01,3.070601e+02,9.998333e-01
2.522781e+02,1.666667e-02,1.000000e-01,3.069929e+02,9.998333e-01
2.496150e+02,1.666667e-02,1.000000e-01,3.098464e+02,9.998333e-01
2.455656e+02,1.666667e-02,1.000000e-01,3.125781e+02,9.998333e-01
2.450879e+02,1.666667e-02,1.000000e-01,3.111507e+02,9.998333e-01
2.448966e+02,1.666667e-02,1.000000e-01,3.089769e+02,9.998333e-01
2.476807e+02,1.666667e-02,1.000000e-01,3.083708e+02,9.998333e-01
2.488393e+02,1.666667e-02,1.000000e-01,3.064143e+02,9.998333e-01
2.463585e+02,1.666667e-02,1.000000e-01,3.089328e+02,9.998333e-01
2.453249e+02,1.666667e-02,1.000000e-01,3.117229e+02,9.998333e-01
2.490393e+02,1.666667e-02,1.000000e-01,3.135133e+02,9.998333e-01
2.511015e+02,1.666667e-02,1.000000e-01,3.126905e+02,9.998333e-01
2.510593e+02,1.666667e-02,1.000000e-01,3.113256e+02,9.998333e-01
2.545912e+02,1.666667e-02,1.000000e-01,3.113143e+02,9.998333e-01
2.556241e+02,1.666667e-02,1.000000e-01,3.118215e+02,9.998333e-01
2.559949e+02,1.666667e-02,1.000000e-01,3.136160e+02,9.998333e-01
2.570266e+02,1.666667e-02,1.000000e-01,3.199888e+02,9.998333e-01
2.473846e+02,6.314391e-03,1.000000e-01,3.204396e+02,9.998333e-01
2.423724e+02,6.118573e-01,1.000000e-01,3.192549e+02,9.998333e-01
2.515748e+02,1.666667e-02,1.000000e-01,3.203286e+02,9.998333e-01
2.470888e+02,1.666667e-02,1.000000e-01,3.231926e+02,9.998333e-01
2.429373e+02,1.666667e-02,1.000000e-01,3.174261e+02,9.998333e-01
2.445090e+02,1.666667e-02,1.000000e-01,3.157233e+02,9.998333e-01
2.425589e+02,1.666667e-02,1.000000e-01,3.124693e+02,9.998333e-01
2.497709e+02,1.666667e-02,1.000000e-01,3.115083e+02,9.998333e-01
2.412768e+02,8.125362e-01,3.622920e-01,7.337501e+01,9.998333e-01
2.472733e+02,1.666667e-02,1.000000e-01,3.125068e+02,9.998333e-01
2.507502e+02,1.666667e-02,1.000000e-01,3.156723e+02,9.998333e-01
2.525950e+02,1.666667e-02,1.000000e-01,3.146595e+02,9.998333e-01
2.547495e+02,1.666667e-02,1.000000e-01,3.155757e+02,9.998333e-01
2.554724e+02,1.666667e-02,1.000000e-01,3.159252e+02,9.998333e-01
2.517326e+02,1.666667e-02,1.000000e-01,3.144308e+02,9.998333e-01
2.497975e+02,1.666667e-02,1.000000e-01,3.154682e+02,9.998333e-01
2.493208e+02,1.666667e-02,1.000000e-01,3.150016e+02,9.998333e-01
2.483517e+02,1.666667e-02,1.000000e-01,3.158780e+02,9.998333e-01
2.518708e+02,1.666667e-02,1.000000e-01,3.187927e+02,9.998333e-01
