1.661282e+00,4.041460e+00,1.845175e+00,2.336808e+00,3.985747e+00,3.400213e+00,3.604765e+00,3.155564e+00,7.144878e+00,4.807244e+00
1.569223e+00,3.598381e+00,1.622824e+00,1.411290e+00,1.142968e+00,2.164297e+00,8.875397e-01,-3.728628e-01,3.211053e+00,2.992328e+00
2.408607e+00,3.848227e+00,1.282460e+00,2.041057e+00,3.365757e+00,3.609143e+00,3.957160e+00,2.859762e+00,7.671227e+00,6.087635e+00
1.954539e+00,4.428533e+00,2.654757e+00,2.764243e+00,2.619951e+00,2.518750e+00,1.805568e+00,2.216751e+00,5.985530e+00,4.357241e+00
1.351666e+00,2.346864e+00,3.927715e-01,1.876487e+00,1.292496e+00,6.606593e-01,3.184993e-01,7.007214e-01,3.703025e+00,2.570467e+00
1.345981e+00,3.495297e+00,9.882290e-01,1.533480e+00,1.466439e+00,2.801074e+00,5.365648e-01,1.223752e+00,5.057228e+00,3.317551e+00
2.568870e+00,4.724719e+00,1.583893e+00,2.532089e+00,2.791884e+00,3.359853e+00,3.151905e+00,2.020169e+00,6.934080e+00,4.909182e+00
-5.520760e-01,9.899157e+00,-1.452407e+00,6.748538e+00,-2.724145e+00,6.266145e+00,-5.781116e+00,3.917876e+00,-7.161914e+00,1.746255e+00
2.585571e+00,5.302503e+00,2.670367e+00,2.951760e+00,6.093856e+00,5.136063e+00,6.434209e+00,5.451290e+00,9.211687e+00,6.807534e+00
1.109909e+00,2.693797e+00,1.460945e+00,9.583025e-01,-1.195406e-01,7.509384e-01,-4.799858e-02,-1.926456e-01,2.394614e+00,1.802972e+00
1.017225e+00,3.492188e+00,4.330315e-01,1.260282e+00,2.600257e-01,2.276134e-01,-1.421125e+00,-1.017753e+00,2.816893e-01,1.019090e+00
-8.890050e-01,1.028889e+01,-1.691701e+00,8.083937e+00,-4.606030e+00,4.770100e+00,-5.393586e+00,2.539488e+00,-1.020407e+01,8.684358e-01
2.659776e+00,5.406640e+00,2.397208e+00,3.627520e+00,3.827522e+00,4.505206e+00,5.126490e+00,3.971134e+00,8.952937e+00,7.161273e+00
2.341276e+00,4.804301e+00,2.598498e+00,2.372528e+00,4.705254e+00,5.651078e+00,5.217504e+00,5.006911e+00,8.937863e+00,6.288522e+00
5.156931e-01,1.599631e+00,-1.542320e+00,8.490880e-01,-8.275351e-02,2.507398e-01,-1.594989e+00,-2.679092e+00,6.653790e-02,3.785572e-01
7.818191e-01,3.225909e+00,-1.970430e-02,2.384030e+00,1.145669e+00,2.007945e+00,1.826298e+00,4.698720e-01,5.004705e+00,3.629287e+00
1.459230e+00,3.535937e+00,8.151517e-01,2.129382e+00,-1.134144e-01,1.627721e+00,3.377094e-01,-1.160544e+00,1.870805e+00,1.697697e+00
1.963454e+00,4.769005e+00,2.239036e+00,2.331198e+00,4.051312e+00,3.437073e+00,3.802103e+00,3.663856e+00,7.655763e+00,6.158722e+00
2.493486e+00,5.340820e+00,1.587077e+00,4.482782e+00,3.536595e+00,4.393123e+00,5.492538e+00,4.218681e+00,7.512855e+00,6.395826e+00
2.394206e+00,4.829549e+00,2.063827e+00,4.538704e+00,4.040129e+00,3.423136e+00,5.373430e+00,4.589448e+00,8.979018e+00,7.502211e+00
2.427823e+00,4.434957e+00,2.577882e+00,2.451610e+00,6.183900e+00,5.747596e+00,7.325182e+00,6.759825e+00,9.486065e+00,7.570058e+00
4.832903e-01,1.120923e+00,2.968858e-01,1.075645e+00,-8.215777e-01,-5.180976e-01,-4.593337e-01,-1.595341e+00,6.304609e-01,3.537173e-01
3.506452e-01,1.160050e+00,1.190810e-01,1.301551e+00,2.787603e-01,-5.583275e-01,-6.908307e-01,-1.756974e+00,4.416267e-01,4.318600e-01
9.373772e-01,3.107802e+00,1.347557e+00,1.524666e+00,1.782908e+00,2.208074e+00,1.782552e+00,-1.075646e+00,3.217525e+00,3.152383e+00
1.180072e+00,4.237553e+00,4.829358e-01,1.821954e+00,1.873667e+00,1.858880e+00,3.786193e-01,-3.733015e-01,2.039753e+00,1.229322e+00
1.302698e+00,4.891355e+00,1.462485e+00,2.826365e+00,4.597093e+00,4.379154e+00,4.827300e+00,3.429909e+00,8.505152e+00,6.956517e+00
1.744879e+00,4.899554e+00,1.969973e+00,1.828181e+00,2.524580e+00,2.661512e+00,3.226085e+00,1.885794e+00,4.823459e+00,3.966858e+00
1.775572e+00,4.903138e+00,3.288916e+00,1.842286e+00,3.614436e+00,3.519630e+00,3.135915e+00,3.168193e+00,6.017446e+00,5.168707e+00
1.181630e+00,4.412467e+00,9.839759e-01,2.281461e+00,1.497965e+00,2.646841e+00,8.101328e-01,1.179233e+00,1.139909e+00,2.614657e+00
1.531562e+00,3.650403e+00,1.803045e+00,7.870749e-01,4.297309e+00,5.103312e+00,4.498657e+00,4.782959e+00,8.388524e+00,7.271532e+00
2.599813e-01,7.444354e-01,-1.543693e-01,1.901566e+00,7.496782e-01,-1.318212e-01,-1.452105e+00,-1.602308e+00,8.941841e-01,5.674839e-02
2.931674e-01,1.204281e+00,4.847106e-01,1.468706e+00,3.313513e-01,-2.943190e-01,-1.439359e+00,-1.834278e+00,7.310062e-01,-2.410511e-01
7.458469e-01,2.598010e+00,3.271308e-01,2.245635e+00,1.651704e+00,1.440641e+00,1.005531e-01,-3.759311e-01,3.705117e+00,1.658720e+00
9.965710e-01,4.246378e+00,4.829509e-01,1.609671e+00,9.271412e-01,1.223223e+00,5.968410e-01,-1.946436e-01,3.208674e+00,9.910758e-01
1.822877e+00,4.585886e+00,1.331032e+00,2.972213e+00,3.219764e+00,2.742850e+00,2.402864e+00,1.389314e+00,6.245045e+00,3.876633e+00
1.634305e+00,5.418739e+00,1.468213e+00,3.016923e+00,3.017811e+00,3.206448e+00,2.259782e+00,1.040948e+00,4.236537e+00,2.317364e+00
1.887467e+00,4.415658e+00,1.498805e+00,1.394357e+00,2.853861e+00,3.353996e+00,2.240467e+00,8.591774e-01,5.236875e+00,4.328304e+00
2.442039e+00,3.878780e+00,2.676655e+00,1.228688e+00,4.758321e+00,4.649103e+00,5.211822e+00,4.171731e+00,8.431662e+00,7.683011e+00
1.222215e+00,2.734593e+00,6.469888e-01,1.729887e+00,4.741679e+00,3.516895e+00,3.137928e+00,2.934176e+00,6.559928e+00,6.050758e+00
1.225879e-01,8.881346e-01,-4.582408e-01,6.057107e-01,4.542854e-01,1.845646e-01,-1.748265e+00,-9.032980e-01,1.050942e+00,-1.588775e-01
1.530189e-01,1.879770e+00,-1.458679e-01,-6.277695e-02,-5.319549e-01,-4.513857e-01,-9.441500e-01,-1.475485e+00,7.119339e-01,-5.702752e-01
4.675103e-03,1.724258e+00,7.570365e-02,2.195316e+00,-1.271601e+00,-3.310166e-01,-1.860652e+00,-1.873153e+00,4.039258e-01,-6.489271e-01
5.932066e-01,3.096080e+00,9.068962e-01,1.652572e+00,5.607467e-01,4.917362e-01,2.404556e-01,-1.707425e+00,2.176892e+00,4.094359e-01
1.245810e-01,2.870012e+01,-1.481676e-01,2.316059e+01,-2.332060e+00,5.439652e+00,-5.582022e+00,-1.000835e+01,-7.939511e+00,-3.369298e+01
3.443516e+00,1.895748e+01,3.591453e+00,1.623591e+01,9.634951e+00,1.775887e+01,1.258885e+01,1.572546e+01,2.240293e+01,1.931618e+01
1.637827e+00,5.441908e+00,9.800994e-01,1.745735e+00,2.087929e+00,2.108462e+00,2.127260e+00,1.697726e+00,5.691299e+00,2.404014e+00
1.792625e+00,4.933359e+00,1.934161e+00,2.029692e+00,3.976024e+00,3.474426e+00,4.297293e+00,2.744251e+00,7.670747e+00,4.912418e+00
1.428688e+00,5.003129e+00,1.880388e+00,1.517680e+00,1.059164e+00,1.665489e+00,5.794546e-01,3.465469e-01,2.336847e+00,1.374611e+00
2.330977e+00,2.643780e+00,2.913548e+00,2.050036e+00,4.756195e+00,4.865353e+00,4.583899e+00,4.638796e+00,8.060820e+00,7.252901e+00
1.002990e+00,8.409611e-01,1.518355e+00,-9.658409e-01,5.200192e-01,2.617915e+00,2.651441e-01,2.303112e-01,2.272565e+00,1.994290e+00
2.667412e-01,4.427460e-01,-3.813521e-01,1.863148e+00,3.079309e-01,1.207491e+00,-1.628158e+00,-2.111713e+00,6.352186e-01,1.469920e-01
4.910275e-01,6.532436e-01,-4.863992e-01,1.880522e+00,-3.884555e-01,2.954370e-01,-1.209721e+00,-1.513747e+00,1.134000e+00,-3.515174e-01
-1.823509e-01,1.289809e+00,-3.005487e-03,2.468650e+00,-1.169936e-01,-7.555672e-02,-1.229822e+00,-2.035499e+00,2.743866e-01,-1.130244e+00
-7.165391e-01,2.445672e+01,-2.530968e+00,2.162604e+01,-3.968786e+00,1.751022e+01,-6.891582e+00,1.369274e+01,-1.080405e+01,9.245316e+00
1.034056e+00,2.146323e+01,1.668565e+00,1.840052e+01,4.345330e+00,1.754722e+01,6.151258e+00,1.312776e+01,1.250999e+01,1.281427e+01
4.986761e-01,4.405068e+00,7.738257e-01,1.665959e+00,1.422509e+00,1.550953e+00,-7.463952e-01,-2.005495e+00,1.516314e+00,-1.104496e+00
1.077735e+00,5.330798e+00,2.557815e-01,3.301186e+00,1.599439e+00,2.022727e+00,1.240187e+00,-7.507643e-01,2.889086e+00,1.241817e+00
1.913773e+00,5.520770e+00,2.107175e+00,3.878200e+00,3.058083e+00,2.317587e+00,4.106940e+00,2.362384e+00,7.335084e+00,3.258172e+00
2.131923e+00,4.738570e+00,5.107318e-01,2.407314e+00,3.900731e+00,3.882240e+00,4.341461e+00,4.442660e+00,9.155203e+00,5.054580e+00
1.454667e+00,3.271617e+00,1.241160e+00,1.259613e+00,2.050998e+00,2.053428e+00,1.878211e+00,1.755227e+00,5.165880e+00,4.142776e+00
7.226970e-01,1.589929e+00,2.261601e-01,-1.908827e+00,8.753173e-01,1.179476e+00,1.081223e+00,4.033682e-01,1.676957e+00,2.176777e+00
8.780756e-01,4.405711e-01,-1.371344e+00,-2.777528e+00,-1.219657e-01,9.897277e-01,-6.832779e-01,-5.769138e-01,4.076969e-01,2.344206e-01
-7.659613e-01,1.075292e+00,-6.045358e-01,5.855940e-01,1.615247e+00,1.039807e+00,-1.404583e+00,1.347058e-01,-5.309386e-01,-1.527654e-01
5.426528e-01,4.112172e-01,-8.938693e-01,2.005172e+00,4.166361e-01,3.185328e-01,-1.004897e+00,-1.973689e+00,7.173311e-01,2.576434e-01
2.929115e-01,9.111874e-01,9.652118e-02,1.234705e+00,5.132414e-02,5.144837e-01,-1.987702e+00,-1.656042e+00,1.160025e+00,3.533956e-02
6.856856e-02,2.559299e+00,-4.886645e-01,-6.314251e-01,4.452649e-01,-1.001629e+00,-4.007905e-01,-2.357750e+00,2.862142e-01,8.929824e-02
3.035764e-01,3.579676e+00,2.723195e-01,1.060422e+00,-2.256440e-01,-1.766059e+00,-1.417097e+00,-2.588709e+00,-3.398977e-01,-1.866199e+00
-1.908493e-01,3.722611e+00,5.960663e-01,6.829843e-01,1.759970e+00,2.170198e-01,6.298279e-02,-1.981468e+00,1.823515e+00,-7.957665e-01
1.548342e+00,4.202038e+00,1.568536e+00,1.342799e+00,2.816639e+00,1.754356e+00,2.116501e+00,6.240924e-01,5.504757e+00,3.986324e+00
1.546217e+00,5.640875e+00,3.156238e+00,2.614372e+00,4.392314e+00,3.654902e+00,4.328766e+00,2.608994e+00,8.210028e+00,5.307744e+00
1.285122e+00,3.752447e+00,1.842598e+00,2.738529e+00,3.579921e+00,3.116876e+00,3.703411e+00,2.302078e+00,6.230594e+00,3.733521e+00
9.862011e-01,2.765999e+00,8.143037e-01,4.164468e-01,2.322789e+00,2.369768e+00,7.796332e-01,1.280602e+00,4.333770e+00,3.175315e+00
5.062641e-01,2.448284e-01,-9.026372e-02,-1.393345e+00,6.827440e-01,1.610955e+00,-6.831062e-01,-1.656746e+00,-5.778154e-02,5.241159e-01
4.764009e-01,7.079805e-01,-4.557887e-01,-3.482700e+00,7.053805e-01,6.646076e-01,-4.608066e-01,-3.187147e-01,-1.197929e-01,2.944900e-01
-1.564663e-01,-5.533301e-01,6.748798e-01,1.698901e+00,-2.197541e-02,1.425249e+00,-7.933116e-01,-5.872210e-01,5.662667e-01,-5.761043e-01
3.656752e-02,-1.873835e-02,-3.007180e-01,8.861184e-01,7.076479e-02,6.524932e-01,-2.598205e-01,-9.807215e-01,9.293340e-02,1.690111e-01
-3.358460e-01,5.734796e-01,-3.218020e-01,8.047835e-01,3.210998e-01,9.970019e-01,-8.717731e-01,-9.947344e-01,4.945051e-02,-7.090429e-01
-1.643893e-01,1.420156e+00,5.157484e-01,8.085833e-01,-3.524708e-01,3.072225e-01,-1.009946e+00,-2.005899e+00,-5.922834e-01,-6.364741e-01
3.862622e-01,2.683778e+00,4.627345e-01,1.846435e+00,-1.424020e+00,-8.498592e-01,-2.338468e+00,-2.482247e+00,-1.500833e+00,-1.038069e+00
5.674567e-01,2.471870e+00,-6.584756e-01,3.248295e-01,5.840591e-02,1.900757e-01,-1.669134e+00,-2.905102e+00,6.961158e-01,-3.924594e-01
6.244909e-01,3.389210e+00,-2.765841e-01,-3.739097e-02,-8.286111e-01,2.738915e-01,8.159385e-01,-1.560745e+00,1.543439e+00,-1.535423e-01
1.310614e+00,3.937164e+00,4.092048e-01,1.069940e+00,1.740321e+00,2.625806e+00,1.761469e+00,3.092410e-01,5.024833e+00,2.276704e+00
1.120677e+00,4.364635e+00,9.181246e-01,1.265311e+00,8.688537e-01,2.633343e+00,1.957959e+00,8.283901e-02,4.649592e+00,1.315832e+00
1.689248e+00,4.143914e+00,1.490706e+00,1.950931e+00,2.818254e+00,1.904486e+00,4.187733e+00,3.136810e+00,6.598296e+00,4.443056e+00
8.203528e-01,2.218912e+00,-2.450994e-01,-1.729332e+00,1.352032e+00,1.210175e+00,3.862039e-01,-8.376366e-02,2.318740e+00,2.006847e+00
1.538148e-01,6.969181e-01,4.884974e-02,-1.049959e+00,3.469255e-01,7.864517e-01,1.134322e+00,9.532769e-02,5.716542e-01,8.103294e-01
6.409631e-01,9.141649e-01,-3.695843e-01,-2.609646e+00,3.112450e-02,-9.368935e-02,-7.537229e-01,-3.918515e-01,3.059990e-01,3.738047e-01
6.678436e-01,9.986004e-01,-1.176606e+00,-2.499451e+00,4.680920e-01,-3.017865e-01,6.858181e-01,-1.182947e+00,-6.157212e-01,8.662570e-01
1.877663e-01,-9.807412e-01,-3.669404e-02,1.659814e+00,1.677598e-01,1.821562e+00,-1.003701e+00,-5.629145e-01,6.333357e-01,-4.664193e-01
7.969256e-01,-2.534444e-01,-8.214141e-01,2.407317e+00,1.774544e-01,7.478268e-01,-1.818522e+00,-1.555449e+00,1.141837e+00,7.493323e-02
6.416676e-01,-4.302008e-01,-1.328746e+00,2.101437e+00,-1.471659e-01,7.577226e-01,-3.087876e-01,-1.102416e+00,5.512424e-01,-1.485185e-01
5.812862e-01,8.380994e-01,6.935627e-01,1.498516e+00,-4.014574e-01,-1.124404e-01,-1.504803e+00,-1.513430e+00,9.647152e-01,3.418556e-01
5.097969e-01,1.721138e+00,-6.509633e-01,1.015874e+00,-1.388460e+00,-1.606378e+00,-8.639048e-01,-1.199915e+00,4.990457e-01,-1.367364e-01
4.759210e-01,1.536297e+00,-4.447191e-01,8.177498e-01,2.346099e-01,-6.726299e-01,-1.013973e+00,-1.926720e+00,7.401901e-01,-2.098216e-01
-1.286326e-01,3.345513e+00,-4.363857e-01,1.073979e+00,-4.549634e-01,-8.812742e-01,-1.221152e+00,-2.862188e+00,-3.014649e-01,-1.592110e+00
1.031039e+00,3.374442e+00,3.913272e-01,9.521523e-01,1.183470e+00,3.420488e-01,6.182200e-01,-3.978821e-01,3.210487e+00,1.678153e+00
4.027634e+00,2.210647e+01,5.167725e+00,2.142913e+01,1.345607e+01,2.243822e+01,1.760387e+01,2.040785e+01,3.122010e+01,2.299543e+01
2.549296e+00,4.321197e+00,1.703961e+00,1.720245e+00,3.164780e+00,3.032488e+00,4.125021e+00,2.279521e+00,7.339736e+00,5.238570e+00
1.263666e+00,2.495155e+00,1.583103e+00,4.897263e-01,2.344423e+00,2.488848e+00,2.372823e+00,1.337755e+00,4.832488e+00,4.144846e+00
7.620936e-01,9.519158e-01,1.861506e-01,-7.632821e-02,1.305730e+00,9.101533e-01,-1.792124e-01,-7.217560e-01,1.310783e+00,1.132401e+00
7.405427e-01,1.186711e+00,-1.301162e-01,-1.707254e+00,-9.225323e-01,2.210727e-01,1.331111e-01,-1.498068e+00,3.992826e-01,3.339390e-01
7.953913e-01,5.515462e-01,-1.611676e+00,-2.130613e+00,-1.146717e-01,1.468467e-01,1.192866e-01,-6.034145e-01,3.112044e-02,3.720067e-01
8.783404e-01,4.583727e-01,-1.828599e+00,-2.514193e+00,-1.105473e+00,-4.314540e-01,-3.536891e-01,9.480320e-01,7.473259e-01,-2.398134e-01
-2.769432e-01,-3.952333e-01,-2.043414e-01,5.901155e-01,5.277943e-01,1.214482e+00,-2.861712e-01,-3.517618e-01,1.645108e-01,-3.036062e-01
-2.294362e-01,-7.559197e-01,6.349729e-01,1.430664e+00,1.033522e+00,1.139277e+00,-1.054054e+00,-4.841349e-01,8.443244e-02,-1.139924e-03
1.879756e-01,3.089997e-01,-5.488480e-01,1.173394e+00,-8.771970e-02,1.406461e+00,-1.544172e+00,-1.335193e+00,7.586401e-01,-1.473562e-01
3.386135e-01,6.341743e-01,-3.637797e-02,1.129000e+00,5.294428e-01,-1.368427e-01,-1.217598e+00,-1.610520e+00,4.718264e-01,6.232029e-01
3.574749e-01,1.096584e+00,-5.807456e-01,6.181749e-01,1.123737e+00,-8.388984e-02,-1.829651e+00,-1.802512e+00,8.004918e-01,4.263960e-01
1.316458e-01,3.544581e+00,-1.649018e+00,3.259379e+00,-1.970359e+00,7.046861e-02,-4.009631e+00,-2.070399e+00,-3.661837e+00,-6.648663e-01
5.188982e-01,2.130641e+00,-1.056233e+00,6.563922e-02,4.783382e-01,-4.544701e-01,-1.779448e+00,-2.679555e+00,4.663380e-01,-1.130549e+00
1.458171e+00,1.379440e-01,1.225364e-01,2.635406e+00,-8.562015e-03,1.365918e+00,-1.583910e+00,-9.439095e-01,-7.039336e-01,3.669783e-01
5.444081e-01,3.223661e+00,-8.291217e-01,7.713268e-01,8.918891e-01,-3.218077e-01,-1.080436e+00,-2.243783e+00,8.290946e-01,-1.258251e+00
1.166164e+00,2.978341e+00,-4.984371e-01,1.468203e+00,1.052080e+00,1.254972e+00,4.627153e-01,-1.109232e+00,3.037429e+00,5.613766e-01
6.743171e-01,2.472062e+00,5.936514e-01,9.149034e-03,2.652829e+00,1.799550e+00,1.611498e+00,9.480734e-01,3.217270e+00,1.797377e+00
7.162427e-01,1.682575e+00,8.679055e-01,-1.530713e+00,2.425511e-01,-2.004023e-01,-1.968409e-01,-2.334358e+00,2.033510e-02,8.162493e-01
2.860934e-02,8.221155e-01,-1.517457e+00,-1.234664e+00,1.045072e+00,3.816341e-01,8.513936e-02,-1.200405e+00,-8.495686e-02,-9.736152e-01
5.154295e-01,3.744273e-01,-1.857960e+00,-2.336721e+00,5.706467e-01,5.023999e-01,-3.078524e-01,-7.380674e-02,2.579476e-01,-9.508632e-02
3.810504e-01,-4.190308e-01,9.322837e-02,-1.309013e+00,3.630857e-01,5.018607e-01,-7.108337e-01,5.548759e-01,-8.555098e-02,6.823705e-02
1.103630e-01,-3.586141e-01,-4.511289e-01,-1.828700e+00,1.930934e+00,2.173581e-01,-4.013014e-01,4.617004e-01,-7.586163e-01,3.601078e-01
3.191319e-02,-7.180863e-01,5.368645e-01,1.490094e+00,5.892679e-01,9.214073e-01,-6.889403e-01,-5.878449e-01,7.353204e-02,1.910490e-02
1.900930e-01,-6.855785e-01,-2.839534e-01,2.252987e+00,5.857761e-01,1.289501e+00,-6.630414e-01,-1.439200e+00,2.174521e-01,1.394027e-01
2.169177e-01,-7.570970e-01,8.551482e-02,1.423572e+00,-4.431060e-01,1.176917e+00,2.790385e-01,-8.345037e-01,-5.943210e-02,3.645715e-02
5.517904e-01,-2.513787e-02,-1.076396e+00,1.591214e+00,3.549393e-01,7.545719e-01,-1.045584e+00,-1.415371e+00,6.921421e-01,8.426054e-02
4.334173e-01,4.680914e-01,-9.115692e-01,8.147468e-01,2.309452e-01,2.424962e-01,-1.181273e+00,-1.260322e+00,6.557931e-01,3.655771e-01
4.589532e-01,1.131455e+00,-7.386452e-01,-2.238723e-01,-5.465484e-01,-7.834938e-01,-1.177720e+00,-1.232009e+00,-1.563614e-01,-5.862853e-01
5.881861e-01,1.613138e+00,-1.683909e+00,1.069599e+00,-8.075176e-01,-7.030470e-01,-2.048420e+00,-2.611245e+00,-3.555917e-01,-2.556783e-01
9.467572e-01,1.803606e+00,3.024341e-01,2.009942e+00,-7.516181e-01,-3.737061e-01,-1.196131e+00,-3.266459e+00,1.003183e+00,8.619966e-02
1.209471e+00,2.659802e+00,5.719747e-01,9.465938e-01,-6.570667e-01,-3.317229e-01,-2.971412e-01,-2.476208e+00,1.539949e+00,6.229795e-01
1.746897e+00,3.204447e+00,9.908580e-01,2.632431e+00,1.920613e+00,2.012486e+00,2.574821e+00,1.218795e+00,5.490353e+00,3.338654e+00
1.229234e+00,3.292216e+00,5.973012e-01,5.553577e-01,1.813087e+00,2.062688e+00,1.225739e+00,-6.509074e-01,3.533225e+00,1.161500e+00
4.945178e-01,2.430779e+00,1.246638e-01,5.616756e-01,4.180804e-01,-1.788550e-02,1.026318e+00,-7.069032e-01,1.201758e+00,-1.004785e+00
-7.410157e-02,1.716548e+00,1.371415e-01,-3.001737e-01,1.381074e-01,-6.511285e-01,-1.276550e+00,-1.941205e+00,-1.470305e-01,-3.168010e+00
2.402314e-01,1.292065e+00,-1.238839e+00,-1.501776e-01,1.677553e-01,-5.181886e-01,2.481789e-02,-1.641082e+00,3.367464e-01,-1.475020e+00
3.282012e-01,1.424981e+00,-8.229937e-01,-1.446055e+00,2.622611e-01,-6.736153e-01,6.252651e-01,-1.206506e+00,1.894490e-01,-3.038639e-02
6.952975e-01,8.859038e-02,-2.173991e-01,-3.054330e+00,-6.881957e-01,6.474347e-01,3.259273e-01,1.599611e-01,-4.632417e-01,4.465280e-01
8.515469e-01,-4.046997e-01,-1.584339e+00,-2.254445e+00,9.449656e-01,9.775704e-02,-1.221290e-01,3.958777e-01,-7.064304e-01,5.714694e-01
4.415139e-01,-6.376274e-01,-7.777944e-01,3.428911e-01,-1.107023e-01,1.144327e+00,4.034567e-01,-7.707414e-01,-1.708402e-01,1.043803e-01
-8.788792e-02,-5.220429e-01,3.253553e-02,9.968128e-01,8.269597e-01,1.607524e+00,-3.617848e-01,-1.211843e+00,2.154720e-02,1.806099e-03
3.113766e-01,-5.972121e-01,1.072868e+00,2.411160e-01,2.989504e-01,1.633301e+00,-6.730231e-01,-1.183377e+00,-1.376696e-01,3.777286e-01
2.720128e-01,-9.600843e-01,-5.897565e-01,1.390495e+00,-5.558242e-01,2.437238e+00,-1.170761e+00,-7.435279e-01,9.635935e-01,-4.902739e-01
-1.846692e-01,2.167977e-01,-1.356818e+00,1.869196e+00,5.676980e-01,1.511223e+00,-1.349300e+00,-5.475994e-01,1.341048e-02,-2.261466e-01
4.502890e-01,1.306012e+00,-1.048901e+00,2.015763e+00,-2.092326e-01,1.039810e-01,-2.081498e+00,-1.900486e+00,-3.258953e-01,-3.857763e-02
1.380362e-01,1.384259e+00,6.289655e-01,1.095342e+00,-1.969571e-01,-4.772195e-01,-4.094564e-01,-2.194513e+00,3.660359e-01,6.637774e-01
7.734847e-02,2.459193e+00,1.865497e-01,1.266910e+00,-1.100801e+00,-2.128591e+00,-6.990085e-01,-2.308363e+00,-2.998897e-01,-5.956793e-01
-4.143757e-02,2.495958e+00,-4.190321e-01,7.256781e-01,-8.053443e-01,-1.262499e+00,-1.485937e+00,-2.445426e+00,-5.692559e-01,-8.157128e-01
8.064623e-02,3.258311e+00,-5.953392e-01,2.035690e-01,-8.516592e-01,-3.100999e-01,-6.945310e-01,-3.637479e+00,-3.834541e-01,-2.040088e+00
1.917824e+00,3.831989e+00,2.051492e+00,3.168453e-01,2.336252e+00,1.438481e+00,2.167130e+00,1.134611e+00,5.222506e+00,3.736587e+00
-3.830810e-01,1.902426e+00,1.973586e-01,6.048472e-01,8.048442e-01,-1.105969e-01,3.959741e-01,-1.670955e+00,-2.494093e-02,-1.788565e+00
-9.828473e-02,1.946960e+00,-1.398788e+00,-3.158992e-01,-2.010072e-01,-2.740719e-02,-2.128044e-01,-2.775781e+00,-1.567447e-01,-3.675309e+00
7.109495e-01,2.451641e+00,-1.509177e+00,-1.100704e+00,-1.092684e+00,-9.215691e-01,-1.563099e-02,-2.371682e+00,1.133943e+00,-1.584408e+00
2.609740e-01,1.623566e+00,-7.689414e-01,-1.368804e+00,5.578412e-01,-1.725383e+00,4.193198e-01,-5.414308e-01,2.980849e-01,-7.720258e-02
3.802311e-01,3.055787e-01,-2.664579e-01,-1.937078e+00,6.341706e-01,9.774711e-02,-7.182003e-01,7.840212e-02,5.389175e-02,1.799057e-01
1.328497e-01,-1.349379e-01,-5.323441e-01,9.862013e-01,3.548481e-01,2.295815e-01,-7.375901e-01,-6.942370e-01,-2.217264e-01,-2.371410e-01
1.801608e-01,-9.877499e-01,-6.428449e-01,6.334179e-01,4.465303e-01,1.875182e+00,1.915992e-01,-7.185083e-01,-3.293439e-02,-3.028065e-01
4.968571e-01,-7.736117e-01,-7.907944e-01,2.198052e+00,7.409283e-01,9.017633e-01,-7.631895e-01,-1.317968e+00,2.322373e-01,2.177102e-01
3.291545e-01,-9.856169e-01,6.727383e-01,4.657512e-01,3.789900e-01,1.388307e+00,-4.060023e-01,-6.166255e-01,-3.447655e-01,3.144468e-01
-2.579896e-01,-6.190686e-02,9.725249e-01,3.497039e-01,3.509755e-01,1.429317e+00,-3.021231e-01,-1.275294e+00,-9.611469e-02,2.395668e-01
5.176640e-01,-4.465851e-01,6.533912e-01,3.501648e-01,-4.167073e-01,1.441696e+00,-4.129448e-01,-1.189662e+00,8.710360e-02,2.842025e-01
-2.517960e-01,9.388802e-01,-1.582953e-01,4.129706e-01,-1.211096e-01,1.413886e+00,-2.335147e-01,-1.697836e+00,-1.068231e+00,7.660298e-02
2.969253e-01,1.733330e+00,-9.968373e-01,1.621738e+00,-4.324673e-01,-6.261258e-01,-1.953253e+00,-1.277853e+00,-1.262464e+00,-1.495755e-01
1.020089e+00,1.955315e+00,-8.264408e-01,8.754645e-01,-8.036774e-01,-1.072875e+00,-5.894959e-01,-3.094670e+00,5.710598e-01,5.960386e-01
-2.499697e-01,3.607629e+00,-5.449446e-01,9.353280e-01,-2.309090e+00,-1.069054e+00,-3.059080e+00,-4.581854e+00,-4.041081e+00,-2.046566e+00
3.933739e-01,1.797822e+00,-7.866593e-01,1.272196e+00,4.382209e-01,7.286002e-02,-5.459737e-01,-3.876391e+00,6.811886e-02,-1.686764e+00
1.110979e+00,2.417768e+00,1.724425e+00,3.544748e-01,9.508019e-01,2.655279e+00,1.134838e+00,-7.944208e-01,3.017822e+00,1.284020e+00
-1.499810e-01,1.187540e+00,3.194313e-01,-1.789994e-01,8.789563e-01,-1.415457e-01,8.101665e-01,-8.682207e-01,-3.470252e-01,-8.391202e-01
-4.584132e-01,1.706622e+00,-6.315924e-01,-1.204783e+00,6.149788e-01,-1.145263e-01,-2.971677e-01,-1.980547e+00,-4.943258e-01,-3.177572e+00
5.506799e-01,2.440298e+00,-1.015529e-02,-7.195807e-01,-3.903909e-01,-9.909175e-01,-5.698109e-01,-2.785104e+00,9.880402e-01,-1.237874e+00
3.509817e-01,1.552110e+00,-1.953442e+00,-1.179919e+00,1.978549e-01,6.410115e-02,3.311705e-01,-2.013114e+00,5.362878e-01,-8.790133e-01
-2.952896e-01,-1.679073e-01,3.401029e-01,6.184741e-01,4.207696e-01,2.422839e-01,7.905299e-02,-2.862374e-01,-2.956504e-01,-2.309853e-03
-1.905482e-01,-5.291549e-01,3.056153e-01,2.479311e-01,7.851800e-01,1.119274e+00,4.181513e-01,-6.396817e-01,-4.805431e-01,4.725152e-02
2.822626e-01,-7.342313e-01,5.522066e-01,3.111800e-01,7.323670e-01,1.403068e+00,-7.172625e-01,-8.167287e-01,-1.734627e-01,2.696951e-01
2.429781e-01,-1.032628e+00,9.092576e-01,9.149835e-01,5.361703e-01,1.622150e+00,-2.574872e-01,-1.091224e+00,-5.052688e-01,4.468166e-01
5.595606e-03,-7.384462e-01,9.877352e-01,2.263849e-01,9.302634e-01,1.336062e+00,-6.699548e-01,-5.193342e-01,-2.474553e-01,1.500819e-01
-1.829129e-01,-4.678250e-02,6.851746e-01,5.362285e-01,-4.083756e-01,1.920662e+00,-3.460431e-02,-1.577483e+00,-1.260107e-01,2.452048e-01
6.230894e-02,6.279656e-01,4.075789e-01,9.540309e-01,6.012358e-01,8.030847e-02,-9.937999e-01,-1.660969e+00,1.803276e-01,6.558908e-01
2.191471e-01,1.626847e+00,-5.625420e-02,1.055456e+00,-9.707583e-01,1.599086e-01,-1.477203e+00,-2.020181e+00,-9.386385e-01,-4.338090e-02
3.277687e-01,1.570152e+00,5.540860e-02,1.313632e-01,-4.004509e-01,-1.936828e-01,-1.651568e+00,-1.808956e+00,8.597592e-01,-9.288834e-02
7.184339e-01,1.426486e+00,7.570618e-01,1.070714e+00,-1.169447e-01,3.308148e-01,-1.603698e+00,-2.870893e+00,1.126687e+00,3.264639e-01
3.209990e-01,1.567775e+00,4.971152e-01,5.309101e-01,-8.522715e-01,-8.725518e-01,-5.954459e-01,-1.398093e+00,8.156976e-01,-7.582144e-01
2.043112e-02,2.387831e+00,7.527060e-01,-8.098621e-02,1.988137e+00,6.531970e-01,-3.841983e-01,-1.793831e+00,9.976479e-01,-8.657703e-01
6.787027e-01,1.762670e+00,5.890298e-01,-5.250449e-01,1.151377e+00,1.418686e+00,1.760601e+00,-7.270789e-01,1.368664e+00,1.433465e+00
9.036256e-02,1.626010e+00,4.213819e-01,-9.567056e-01,5.048920e-01,-1.482531e+00,-4.115483e-01,-1.244392e+00,-4.528510e-01,-1.154992e+00
4.757224e-01,1.786976e+00,-3.197393e-01,-5.843859e-01,7.781128e-01,-1.273924e+00,-6.613348e-01,-1.587386e+00,9.452678e-01,-7.871430e-02
2.174077e-01,1.793044e+00,-5.891479e-01,-4.737507e-01,2.990274e-01,-1.275989e+00,-7.081857e-01,-1.238033e+00,1.035203e+00,-1.536111e+00
-4.072782e-02,-5.789849e-01,-6.846415e-01,6.490833e-01,6.802082e-01,1.167340e+00,3.971353e-01,-5.103035e-01,-1.069869e-01,-3.103604e-01
-4.816871e-01,-2.179794e-01,9.828535e-01,9.734471e-01,1.153170e+00,7.488987e-01,8.065781e-02,-8.569584e-01,-3.189915e-01,2.986519e-03
-2.358106e-01,-9.840864e-01,6.340347e-01,6.711674e-01,1.227405e+00,1.666177e+00,-1.167133e+00,4.752338e-02,3.396950e-01,-5.594822e-01
1.035912e-01,-5.412378e-01,7.609272e-01,7.067226e-02,-1.093627e-01,1.712490e+00,-5.011896e-02,-8.652291e-01,-6.753706e-02,1.036978e-02
-1.685780e-01,-9.942714e-01,3.363253e-01,1.527261e+00,8.474712e-01,1.531687e+00,-2.853747e-01,-8.720067e-01,-2.816961e-01,1.336185e-01
1.025035e-01,-1.101159e+00,1.185434e+00,7.741183e-01,-3.340208e-01,1.991960e+00,-6.220565e-01,-4.471954e-01,1.152625e-01,-8.728431e-02
1.632760e-01,4.069673e-01,6.839344e-01,2.013327e+00,-9.576818e-01,3.299831e-01,-9.224356e-01,-1.365369e+00,8.153053e-01,1.529012e-01
2.800082e-01,1.577934e+00,-1.337390e+00,9.849039e-01,-1.094700e+00,9.206381e-01,-2.231564e+00,-8.366694e-01,-9.587730e-01,-8.332777e-01
-6.916974e-02,1.482256e+00,-3.520494e-01,6.259887e-01,2.518112e-01,-8.875465e-02,-6.147028e-01,-2.126995e+00,-7.598196e-01,3.275950e-01
4.471761e-01,1.512023e+00,-2.912144e-01,6.346607e-01,-1.734306e-01,-8.343215e-01,-4.951542e-01,-1.957066e+00,6.243608e-01,3.763646e-01
-3.331709e-01,1.366034e+00,1.579170e+00,9.854342e-01,-3.140084e-01,-6.867752e-01,-7.697149e-01,-1.089390e+00,6.420016e-01,-6.772130e-01
-1.366433e-01,1.463991e+00,2.574012e-01,-1.585414e-01,-1.011531e-02,3.695122e-01,-5.507841e-01,-2.233043e+00,2.527413e-03,-1.970802e+00
2.360636e-01,4.581452e-01,1.121664e+00,2.984514e-01,7.194484e-01,1.225595e+00,-1.167516e+00,-1.928829e+00,4.795232e-01,1.770824e-01
-7.144033e-02,8.227310e-01,-1.369891e-01,-6.729528e-01,2.418081e+00,-5.926449e-01,-2.698910e-01,-1.086003e+00,-3.985391e-01,3.517070e-01
6.914828e-01,1.553646e+00,-1.534156e+00,-1.093279e+00,4.264708e-01,-9.833205e-01,3.051200e-01,-1.699207e+00,3.863929e-01,3.231698e-01
-8.174159e-01,-8.646024e-01,-1.076424e-01,9.002900e-01,1.797579e+00,1.846748e+00,3.434541e-01,-6.271400e-01,-5.394813e-01,-2.610130e-01
-2.824203e-01,-1.145721e+00,-3.133057e-01,4.182467e-01,1.304863e+00,1.136714e+00,1.564994e-01,4.072015e-01,-4.412236e-01,-3.482843e-01
-5.241941e-01,-1.151200e+00,1.722589e-01,5.047742e-01,1.219709e+00,1.139550e+00,8.488727e-01,3.504948e-01,-7.212757e-01,-4.086992e-01
-5.713730e-01,-1.132792e+00,-2.283947e-01,1.463803e+00,1.552846e+00,1.428655e+00,-3.536752e-01,-1.795642e-01,-2.574743e-01,-2.144680e-01
8.196670e-02,-1.186850e+00,-8.083121e-02,3.698751e-01,1.495614e+00,1.081550e+00,4.115915e-02,2.642889e-02,-5.179412e-01,-2.019541e-01
-6.374080e-01,-1.226848e+00,2.719312e-01,1.609226e+00,9.729066e-01,1.574726e+00,-7.671634e-01,3.915212e-01,2.133227e-01,-6.298160e-01
-4.323217e-02,-2.761753e-01,-4.414099e-01,5.179115e-01,1.191208e+00,8.590109e-01,-1.155638e+00,-4.809942e-01,3.258631e-01,-5.759178e-02
-2.861949e-01,8.101302e-01,5.405146e-01,-2.639846e-01,-5.523212e-01,4.525696e-01,-8.597104e-01,-8.919220e-01,1.654892e-01,-5.516935e-01
5.108529e-01,3.073952e-01,-2.144410e-01,1.877015e+00,-7.451901e-02,3.648895e-01,-1.309325e+00,-1.610105e+00,9.858830e-01,1.092764e-01
-5.852439e-02,1.016080e+00,-5.865138e-02,1.325190e+00,1.762936e-01,-5.064341e-01,-8.256431e-02,-1.562746e+00,2.697512e-01,2.596546e-01
-2.467211e-01,2.161881e+00,2.029595e-01,-1.995346e-02,-7.095947e-01,-6.122831e-01,-9.094103e-01,-1.532760e+00,6.725466e-01,-1.652548e+00
-3.073672e-01,1.415360e+00,6.949106e-01,6.214149e-01,5.091017e-01,-2.010557e-02,-5.624081e-01,-2.212179e+00,1.211339e-01,-1.854937e+00
2.061797e-02,8.111971e-01,2.812421e-01,-1.083211e+00,6.905704e-01,2.348793e-02,-8.146738e-02,-1.217516e+00,-5.306446e-01,-5.279141e-01
2.077176e-02,1.212487e+00,-1.090330e+00,-1.374537e+00,1.480405e+00,-5.242446e-02,-6.470206e-02,-1.375106e+00,3.871536e-02,-1.921101e-01
-5.946282e-02,1.799622e+00,-2.835807e-01,-1.453656e+00,1.667956e+00,-1.323901e+00,-4.716645e-01,-1.131575e+00,1.936063e-01,-5.934420e-01
-8.845935e-01,7.361882e+00,-2.583825e+00,-4.205154e+00,9.049953e-01,1.302982e+01,-1.542613e+00,1.143972e+01,-4.411000e+00,6.580092e+00
-6.630202e-01,-1.207452e+00,-2.938284e-01,1.378525e+00,2.199240e+00,8.729146e-01,5.266710e-01,1.378296e-01,-7.357583e-01,-3.339618e-01
-3.335201e-01,-3.211296e-01,-3.509606e-01,5.341246e-01,1.726737e+00,1.327969e+00,-4.871307e-01,1.243197e-01,-4.459695e-01,-3.083518e-01
-5.115841e-01,-8.417181e-01,1.242714e+00,3.824537e-01,1.461327e+00,1.617375e+00,-4.015705e-01,-4.465063e-01,-4.617559e-01,1.074029e-02
-4.192930e-01,-4.854505e-01,7.117696e-01,1.616474e-01,1.883794e+00,1.217168e+00,2.200730e-01,-1.022567e+00,-8.537042e-01,3.111888e-01
-2.576793e-01,-5.876502e-02,-3.993348e-01,-2.824703e-01,-6.863383e-02,8.118372e-01,9.136143e-01,-5.700358e-01,-5.279893e-01,-5.651191e-02
4.553252e-01,-3.799727e-01,-1.890186e-01,1.263538e-01,-6.086070e-01,1.345183e+00,-9.263014e-01,-3.615909e-01,7.923678e-01,-3.357349e-01
6.353544e-01,6.620499e-01,1.276609e+00,3.918497e-01,5.105862e-02,1.794032e-01,-7.165542e-01,-2.206468e+00,1.500059e-01,8.494786e-01
1.683617e-01,6.282799e-01,-4.500171e-01,1.796721e+00,9.217538e-01,-8.061665e-02,-4.311269e-01,-2.012488e+00,4.070731e-01,-2.068972e-01
5.192075e-01,5.837710e-01,-5.385841e-01,1.529500e+00,1.228247e+00,2.583036e-02,-1.424692e+00,-1.935102e+00,9.021700e-01,9.100889e-02
-1.860871e-01,5.921736e-01,1.172925e-01,1.006557e+00,1.547482e+00,1.118478e-01,-7.861959e-01,-1.557109e+00,1.798852e-01,-6.380202e-01
-1.131623e-01,2.350383e-01,2.419509e-01,-4.690428e-01,7.604369e-01,1.083068e+00,-1.699164e-01,-1.398359e+00,-3.770068e-01,-7.971279e-01
-1.860040e-01,1.541157e+00,8.788256e-01,-1.150153e+00,5.750577e-01,-6.710327e-01,1.915424e-01,-1.199101e+00,3.713063e-02,-2.006270e-01
-6.165903e-01,-1.359011e+00,3.837765e-01,6.939949e-01,9.204772e-01,1.865477e+00,4.896674e-01,3.670543e-01,-4.009821e-01,-6.380784e-01
-7.772460e-01,-6.057850e-01,1.028902e+00,6.475815e-01,1.767883e+00,3.483409e-01,8.323039e-01,-6.407786e-02,-1.044093e+00,3.510891e-02
-4.336231e-01,-8.723710e-01,3.291262e-01,9.097132e-01,1.600926e+00,1.257035e+00,2.749670e-01,-4.444597e-01,-4.538054e-01,-2.719472e-01
-5.743592e-01,-8.821472e-01,3.385052e-01,1.051009e+00,1.408686e+00,1.937273e+00,-3.472567e-01,-7.949110e-01,-3.017933e-01,-4.857292e-02
-4.158271e-01,-1.464371e-01,3.057430e-01,3.571190e-01,4.609015e-01,2.450452e+00,-1.417529e+00,-7.169061e-01,3.609779e-01,-2.475236e-01
-8.547226e-02,-1.118142e-01,7.194685e-01,8.943603e-02,-8.782251e-01,1.615102e+00,-7.726938e-01,-5.203081e-01,6.028671e-01,-1.978274e-01
-2.885786e-01,1.380766e+00,-1.155030e+00,1.742165e+00,-4.570959e-02,2.054714e-01,-8.701030e-01,-1.401789e+00,-7.211308e-01,2.690080e-01
-1.483004e-01,6.474926e-01,6.559381e-01,1.821377e+00,1.325326e-01,3.729216e-01,-3.841720e-01,-1.918511e+00,4.829133e-01,1.226979e-01
-3.274973e-01,1.685511e-01,3.839942e-01,1.483749e+00,1.296768e+00,3.136551e-01,-2.531607e-01,-1.248104e+00,7.815974e-02,-3.304536e-01
-4.529757e-02,1.080872e+00,5.952316e-01,-1.295974e-01,4.245465e-01,-2.085935e-01,-7.038560e-01,-1.022542e+00,5.753062e-01,-6.582729e-01
-1.148440e-01,7.767133e-01,-6.917444e-01,3.833131e-03,4.833853e-01,4.575410e-01,-6.697922e-02,-1.503487e+00,8.500436e-02,-1.493565e+00
-5.572020e-01,1.368842e+00,-1.107824e+00,-2.140931e-01,1.380571e+00,1.747561e-01,9.470306e-01,-2.419731e+00,-4.834201e-01,-1.765052e+00
-6.631337e-01,-6.965662e-01,1.101621e-01,-4.200276e-02,1.018539e+00,1.502355e+00,9.293012e-01,-8.059557e-03,-4.326838e-01,-5.885563e-01
-2.497234e-01,-1.335748e+00,7.688001e-01,4.063069e-01,8.700551e-01,1.990049e+00,-5.840843e-01,2.543548e-01,-6.419885e-02,-4.635391e-01
-6.443582e-01,-5.900261e-01,-5.413003e-02,1.764437e-01,1.001907e+00,1.939482e+00,-3.192557e-01,-3.008148e-01,1.308095e-02,-3.953529e-01
-6.049732e-01,-6.530856e-01,8.536558e-01,-7.813587e-01,4.292036e-01,2.705934e+00,-1.903447e-01,-3.799207e-01,-4.025170e-02,-4.132170e-01
4.221486e-01,-6.858359e-01,-1.506639e-01,-5.435798e-01,4.808550e-01,1.491510e+00,-1.723620e+00,2.011318e-01,7.667628e-01,-4.287745e-01
3.446497e-01,2.431927e-01,3.077639e-01,-1.013125e-01,2.439496e-01,7.743490e-01,-1.678043e+00,-8.301895e-01,8.232886e-01,6.147029e-02
-4.760217e-01,1.247432e+00,9.371323e-02,1.494825e+00,2.755703e-02,4.093544e-01,-1.712018e+00,-1.198445e+00,-4.069415e-01,-6.062446e-02
1.180389e-01,1.560276e-01,4.084509e-01,1.655523e+00,-7.449972e-01,8.978550e-01,1.260854e-01,-1.521938e+00,6.326977e-01,-4.238859e-01
-2.235256e-01,6.758777e-01,7.437898e-01,7.211949e-01,6.933025e-01,-1.574159e-01,-2.452453e-01,-1.010599e+00,3.454855e-01,-1.574589e-01
-3.740247e-01,6.091080e-01,1.866936e-01,6.928014e-01,1.272425e+00,1.721796e+00,-7.285385e-01,-2.252313e+00,8.012497e-01,-1.452043e+00
-8.123970e-01,-1.053046e+00,1.297771e+00,6.726827e-01,1.547814e+00,1.470985e+00,3.530796e-01,8.962609e-02,-6.831736e-01,-3.713659e-01
-8.884796e-01,-6.009915e-01,1.308125e+00,-3.467608e-01,1.133759e+00,1.768951e+00,4.944913e-01,-1.147960e-01,-6.382405e-01,-5.614313e-01
-3.847085e-01,-5.037077e-01,9.207125e-02,-3.299746e-01,6.654518e-01,1.584317e+00,2.143928e-01,-3.945925e-01,-3.102813e-01,-1.278624e-01
-5.441643e-01,-7.379965e-01,1.991203e-01,1.607661e-01,1.650660e+00,1.967598e+00,-4.587597e-01,-6.670888e-01,-3.667377e-01,-1.278361e-03
-1.385590e-01,-5.529307e-01,6.659575e-01,5.295656e-01,4.900474e-01,1.324824e+00,-1.896537e-02,-7.454384e-01,-2.391653e-01,4.487762e-02
-3.504623e-01,-8.551753e-02,1.101041e+00,1.537174e+00,6.240356e-01,1.168753e+00,-3.011005e-01,-1.677574e+00,-9.989518e-02,3.110963e-01
-4.639536e-02,-3.461534e-01,-6.050673e-01,8.628057e-01,1.268819e-01,1.693875e-01,-4.214595e-01,-5.674974e-01,-7.024331e-01,-9.653284e-01
3.631835e-01,-5.059421e-01,-4.110619e-01,2.482827e+00,9.974864e-01,4.280549e-01,-1.152920e+00,-1.176913e+00,5.080371e-01,4.270942e-02
2.089582e-02,-4.917418e-01,6.459680e-01,1.490991e+00,2.987607e-01,2.133506e-01,3.046424e-01,-5.830868e-01,-3.101178e-01,1.208935e-01
-2.981924e-01,8.477489e-01,2.486368e-01,5.146735e-01,2.436640e-01,-1.817602e-02,2.943226e-01,-1.044854e+00,5.528466e-01,-1.233273e+00
-6.613135e-01,-1.036319e+00,1.537179e-01,1.466196e+00,1.374442e+00,1.625049e+00,-5.517847e-02,-1.684556e-01,-4.029572e-01,-8.156351e-01
-1.221840e+00,-3.255127e-01,1.401729e+00,-1.004050e+00,1.404143e+00,1.455173e+00,6.911007e-01,1.583365e-01,-8.380176e-01,-2.472343e-01
-3.844037e-01,-5.863646e-01,9.317902e-02,4.196920e-01,1.634713e+00,1.293465e+00,-1.804290e-01,-5.476800e-01,-3.551684e-01,-2.125778e-01
-8.400090e-01,-2.840870e-01,1.789566e+00,7.907820e-01,9.485390e-02,2.732408e+00,-1.388798e-01,-6.915533e-01,-6.935861e-01,1.135206e-01
-4.685174e-01,6.388637e-02,-2.687890e-01,1.754957e+00,-4.993899e-02,1.139927e+00,-3.714810e-01,1.318520e-01,-2.294185e-01,9.300625e-02
-6.986908e-01,1.491573e-01,4.584942e-01,2.627124e+00,1.150667e+00,5.086721e-01,-7.969307e-01,-3.759564e-01,-8.505362e-01,1.134540e-02
-4.728503e-01,2.577087e-01,2.968391e-01,2.293282e+00,-5.226412e-02,9.490808e-01,-5.610888e-01,-8.168137e-01,-5.827880e-01,-4.280632e-01
4.926835e-01,2.661012e-01,-1.190142e+00,6.576818e-01,6.502561e-01,1.092054e+00,-4.319694e-01,-2.173646e+00,3.834933e-01,2.650426e-01
-3.834778e-01,1.132655e+00,-4.860069e-01,7.512733e-01,1.290050e+00,-1.609718e-01,7.325239e-01,-2.009785e+00,1.348240e-01,-6.405773e-01
-1.241515e+00,-8.691328e-01,1.042832e+00,4.337669e-01,1.370602e+00,1.694702e+00,8.131646e-01,8.978901e-02,-7.953284e-01,-4.016909e-01
-6.359631e-01,-2.703718e-01,3.822710e-01,-6.084053e-01,9.942251e-01,1.889460e+00,1.886838e-01,-5.712895e-01,-1.828083e-01,-3.430044e-01
-7.981375e-01,-5.099674e-01,3.542027e-01,4.292643e-01,1.706374e+00,1.979472e+00,-1.865452e-01,-9.083569e-01,-3.342922e-01,-1.230993e-01
-1.240483e-01,-3.556135e-01,-7.714122e-01,6.949701e-01,3.483162e-01,1.486492e+00,-2.236472e-01,-9.633480e-01,1.018877e-01,2.893073e-02
-2.543919e-01,-1.003805e+00,1.275721e+00,1.699771e+00,-4.104073e-01,1.326747e+00,-1.477832e-02,-2.501708e-01,-9.103779e-02,-1.377816e-01
2.018627e-01,-1.220337e+00,-6.577379e-01,2.585510e+00,7.917902e-01,1.325750e+00,5.725979e-01,-1.535084e+00,-5.585527e-01,3.244036e-01
-6.332399e-01,-3.308752e-01,4.227326e-01,2.419400e+00,1.277881e+00,4.712592e-01,1.464597e-01,-1.123829e+00,-4.696827e-01,2.323146e-01
-6.271823e-01,-1.118928e+00,9.275191e-01,5.550767e-01,2.181405e+00,2.017844e+00,2.671729e-01,-6.604468e-01,-6.462336e-01,-1.080470e+00
-9.218219e-01,-5.302844e-01,8.763016e-01,-8.130048e-02,2.076065e+00,2.056008e+00,-2.781831e-01,-7.207241e-01,-4.434208e-01,-1.642962e-01
-5.983503e-01,-7.909170e-01,-7.319207e-01,6.323991e-01,8.895541e-01,1.592604e+00,2.065091e-01,-1.664806e-01,-2.229773e-01,-2.914135e-01
9.182440e-02,-1.370591e+00,1.316636e+00,1.648726e+00,1.977057e-02,1.286255e+00,-1.057000e-01,-2.780427e-01,-3.999788e-01,1.044832e-01
-6.558823e-01,-8.905279e-01,-3.348992e-01,1.173658e+00,1.319077e+00,7.746854e-01,3.557677e-01,-8.556194e-02,-6.479199e-01,5.210935e-02
-4.079978e-01,-7.819216e-01,4.647698e-01,1.187729e+00,1.165526e+00,1.892795e+00,1.543363e-01,-1.424935e+00,-6.475647e-01,3.435150e-01
3.220724e-02,-7.140358e-01,2.779296e-01,1.096336e+00,9.400657e-01,1.143590e+00,3.099151e-01,-1.238280e+00,-6.370026e-01,3.957054e-01
-6.210061e-01,-9.727107e-01,9.665155e-01,3.801595e-01,1.429495e+00,1.064336e+00,-1.580159e-02,4.727498e-01,-4.377131e-01,-4.087600e-01
-7.547979e-01,-1.167419e+00,2.327484e+00,-3.625076e-01,1.439046e+00,2.625408e+00,-4.427815e-01,-1.279416e-01,-5.035520e-01,-3.627286e-01
-4.921712e-01,-1.371974e+00,9.993536e-01,1.649569e+00,1.299183e+00,1.867309e+00,-4.830943e-01,-5.249014e-01,-4.036196e-01,-2.515928e-03
-3.183112e-01,-7.991073e-01,5.626062e-01,1.587985e+00,1.265950e+00,2.002314e-01,2.053882e-01,-2.928835e-01,-7.263073e-01,2.824213e-01
-6.434122e-01,-1.326667e+00,1.312396e+00,2.155709e+00,4.362096e-01,1.288896e+00,1.138765e-01,2.203432e-02,-4.228535e-01,-1.633393e-01
4.030974e-02,-8.707343e-01,9.824527e-01,6.049377e-01,1.945461e+00,7.066447e-01,-1.698096e+00,-5.345246e-02,-1.188699e-01,2.067650e-01
-6.648789e-01,-9.136079e-01,4.794910e-01,-1.163830e+00,1.639953e+00,1.933014e+00,4.595959e-02,4.547789e-01,-4.865498e-01,-5.273511e-01
-5.253181e-01,-1.451059e+00,1.829706e+00,1.234740e+00,7.223858e-01,1.788570e+00,-8.785222e-01,3.766568e-01,-6.920009e-02,-3.612727e-01
-4.003064e-01,-1.213143e+00,5.836137e-01,1.099047e+00,1.057481e+00,1.239750e+00,-1.309096e+00,6.775831e-01,2.512757e-01,-4.523682e-01
-9.147845e-01,-1.262771e+00,-6.769849e-01,1.117079e+00,1.365575e+00,1.924161e+00,2.059566e-01,6.739184e-03,-5.512493e-01,-1.952304e-01
-1.125063e+00,-8.654924e-01,1.408600e+00,5.806938e-02,1.336133e+00,1.824240e+00,1.238356e-01,2.992246e-01,-4.201401e-01,-5.356862e-01
-6.531730e-01,-9.264441e-01,-6.618438e-01,1.789858e+00,4.317099e-01,1.627354e+00,-3.338638e-01,-1.018330e-01,-3.934076e-02,-1.276635e-01
-6.242308e-01,-2.098607e+00,1.328619e-01,2.966044e+00,6.335542e-01,2.204987e+00,-6.921638e-01,3.293648e-01,4.767935e-02,-4.854530e-01
-9.229342e-01,-1.501260e+00,-1.411825e-01,1.433463e+00,-8.027357e-02,1.864811e+00,2.806183e-02,1.024497e+00,-2.990540e-02,-6.650991e-01
-8.077761e-01,-1.528977e+00,1.983195e-01,1.430313e+00,1.185544e+00,2.459216e+00,-2.938637e-01,-1.153409e-01,-2.962875e-01,-3.438506e-01
-1.087296e+00,-1.614777e+00,-3.061012e-01,1.696641e+00,9.360863e-01,1.852072e+00,7.069748e-02,8.457705e-01,-2.256332e-01,-6.848276e-01
-1.303059e+00,-1.962626e+00,-5.862849e-01,2.039330e+00,1.684268e-01,2.857429e+00,5.745186e-01,7.040809e-01,-2.507203e-01,-8.124617e-01
-1.425702e+00,-1.467250e+00,9.460639e-01,1.510144e+00,8.258441e-01,2.241239e+00,3.538687e-01,4.323131e-01,-6.194849e-01,-4.059926e-01
