-5.168607e-01,5.735395e-01,-4.039256e+00,-2.995260e+00,-2.399963e-02,8.214415e-01,6.497826e-01,2.962755e-01,5.431582e-01,-2.375551e+00
-1.585005e+00,-1.636193e+00,-6.027532e+00,-4.257003e+00,-3.587620e+00,-3.363222e+00,-4.132044e+00,-3.659337e+00,-5.670398e+00,-7.168445e+00
-1.958288e+00,-1.125418e+00,-6.197471e+00,-4.951504e+00,-3.539564e+00,-4.506423e+00,-5.017176e+00,-4.958696e+00,-6.872599e+00,-8.564207e+00
-9.893400e-01,-7.320883e-01,-4.585120e+00,-3.531707e+00,-1.921187e+00,-2.536392e+00,-2.282995e+00,-1.921436e+00,-3.583786e+00,-4.487580e+00
-7.498518e-01,-1.084251e+00,-5.172393e+00,-3.222502e+00,-1.240895e+00,-1.048942e+00,-1.828368e+00,-6.222202e-01,-2.313699e+00,-3.762968e+00
-2.192907e+00,-1.740517e+00,-7.157212e+00,-4.666200e+00,-6.066012e+00,-5.214800e+00,-7.873796e+00,-6.250164e+00,-8.674115e+00,-9.140368e+00
-3.728592e+00,-3.365162e+00,-1.001124e+01,-8.784239e+00,-1.344162e+01,-1.177905e+01,-1.632539e+01,-1.362021e+01,-2.172480e+01,-1.989396e+01
-1.179623e+00,-1.049894e+00,-5.281029e+00,-3.457412e+00,-2.434479e+00,-2.589767e+00,-3.289423e+00,-2.937583e+00,-4.226063e+00,-6.155639e+00
-5.032436e-01,2.303607e-01,-4.065905e+00,-2.024080e+00,4.595439e-01,-3.307553e-01,7.229776e-01,1.216286e+00,5.899928e-01,-1.500030e+00
-2.218728e+00,-1.956214e+00,-6.326248e+00,-5.201566e+00,-6.296644e+00,-5.268990e+00,-6.621676e+00,-6.123738e+00,-8.795769e+00,-9.639279e+00
-7.421802e-01,-3.839897e-01,-4.380970e+00,-2.555545e+00,-8.961372e-01,-9.521566e-01,-4.260914e-01,7.447364e-02,-1.109087e+00,-2.770457e+00
-2.450623e+00,-1.572608e+00,-7.158271e+00,-4.820102e+00,-5.754343e+00,-5.933589e+00,-7.930174e+00,-6.931724e+00,-9.321615e+00,-9.590413e+00
-3.401048e+00,-3.340725e+00,-8.905762e+00,-6.546235e+00,-1.234338e+01,-9.010425e+00,-1.267733e+01,-1.216824e+01,-1.713556e+01,-1.655584e+01
-7.864879e-01,1.193127e-01,-3.916948e+00,-2.577799e+00,-7.292572e-01,-2.040345e+00,-5.536927e-01,-2.381047e-01,-1.292455e+00,-3.070674e+00
-1.133816e+00,-8.225540e-01,-4.642442e+00,-2.024806e+00,-2.162244e+00,-2.444450e+00,-1.894234e+00,-1.327077e+00,-2.418057e+00,-4.964378e+00
-1.460683e+00,-1.309576e+00,-5.641939e+00,-3.643359e+00,-3.412773e+00,-3.363081e+00,-3.062151e+00,-2.498859e+00,-4.584693e+00,-6.458797e+00
-1.678919e+00,-1.082997e+00,-5.686169e+00,-4.448216e+00,-4.147228e+00,-4.321491e+00,-3.146853e+00,-2.780064e+00,-5.458523e+00,-7.169080e+00
-4.596050e+00,-5.101447e+00,-1.144347e+01,-8.463905e+00,-1.796881e+01,-1.556283e+01,-2.243672e+01,-1.828491e+01,-2.971362e+01,-2.701007e+01
-7.114885e+00,1.870964e+01,-1.603912e+01,1.164073e+01,-2.858500e+01,-1.668622e-01,-3.857551e+01,-5.670465e+00,-5.251371e+01,-2.037199e+01
-2.748683e+00,-2.494290e+00,-5.668042e+00,-5.976701e+00,-7.561346e+00,-7.278558e+00,-8.444080e+00,-8.732782e+00,-1.187663e+01,-1.299209e+01
-2.226147e+00,-1.381226e+00,-5.702986e+00,-4.511417e+00,-4.785544e+00,-5.639928e+00,-5.663151e+00,-5.881564e+00,-7.882598e+00,-9.782578e+00
-2.344004e+00,-2.311586e+00,-6.164921e+00,-4.532838e+00,-6.533200e+00,-6.124886e+00,-6.359810e+00,-7.375929e+00,-9.637254e+00,-1.070450e+01
-1.720676e+00,-2.590479e+00,-5.906643e+00,-4.836926e+00,-6.337629e+00,-4.900935e+00,-5.554599e+00,-5.150522e+00,-8.515288e+00,-9.424518e+00
-2.525542e+00,-3.291873e+00,-6.920552e+00,-5.181578e+00,-7.915373e+00,-7.262011e+00,-8.089971e+00,-7.968274e+00,-1.191861e+01,-1.258301e+01
-5.226644e+00,-8.830549e+00,-1.581222e+01,-1.177140e+00,-2.622880e+01,-9.407204e+00,-3.293756e+01,-1.633975e+01,-4.330547e+01,-2.737730e+01
-2.037763e+00,-1.413345e+00,-5.483155e+00,-3.829592e+00,-3.725107e+00,-4.658402e+00,-5.558404e+00,-5.003241e+00,-6.487647e+00,-8.867281e+00
-1.983389e+00,-1.957608e+00,-5.869866e+00,-3.956949e+00,-5.206940e+00,-6.199391e+00,-5.779912e+00,-6.105321e+00,-8.865641e+00,-9.530678e+00
-9.411417e-01,-4.691770e-01,-4.878566e+00,-2.833340e+00,-1.345258e+00,-1.519277e+00,-7.850444e-01,-3.145380e-02,-1.462853e+00,-3.735009e+00
-9.966073e-01,-1.540324e+00,-4.115654e+00,-3.363910e+00,-3.127594e+00,-3.477045e+00,-3.757842e+00,-2.248990e+00,-4.972579e+00,-5.699904e+00
-1.418891e+00,-1.907713e+00,-5.947759e+00,-2.984237e+00,-4.632002e+00,-3.442981e+00,-3.173421e+00,-3.007092e+00,-5.293941e+00,-7.242482e+00
-3.082286e+00,-4.120468e+00,-6.640826e+00,-6.999525e+00,-1.185795e+01,-9.182631e+00,-1.389497e+01,-1.107962e+01,-1.726228e+01,-1.673560e+01
-2.298566e+00,-2.032717e+00,-5.916583e+00,-5.096066e+00,-6.100910e+00,-5.312431e+00,-6.378126e+00,-6.903393e+00,-8.919453e+00,-1.062626e+01
-2.884086e+00,-1.525097e+00,-5.979258e+00,-5.028973e+00,-5.510303e+00,-7.463011e+00,-7.164261e+00,-7.092909e+00,-9.509115e+00,-1.142263e+01
-3.014048e+00,-2.441697e+00,-5.124404e+00,-5.240318e+00,-7.793900e+00,-7.822421e+00,-8.556176e+00,-8.599066e+00,-1.148001e+01,-1.307044e+01
-1.697088e+00,-9.505136e-01,-4.974004e+00,-3.276509e+00,-3.581985e+00,-4.261032e+00,-3.517941e+00,-4.342314e+00,-5.521467e+00,-6.899814e+00
-3.315089e+00,-3.198136e+00,-6.369551e+00,-5.208045e+00,-8.860889e+00,-8.717602e+00,-9.286841e+00,-9.925815e+00,-1.329099e+01,-1.440019e+01
-4.346632e+00,-4.164870e+00,-9.915726e+00,-9.648754e+00,-1.602436e+01,-1.377100e+01,-1.957681e+01,-1.682714e+01,-2.646760e+01,-2.429243e+01
-3.430896e+00,-4.535762e+00,-7.156042e+00,-7.465689e+00,-1.045837e+01,-1.011562e+01,-1.229989e+01,-1.262042e+01,-1.778310e+01,-1.770752e+01
-1.995084e+00,-1.948952e+00,-5.476840e+00,-4.944858e+00,-5.201488e+00,-5.131729e+00,-6.154110e+00,-5.760004e+00,-8.270280e+00,-9.482932e+00
-1.712929e+00,-1.334180e+00,-4.986850e+00,-4.601541e+00,-4.405122e+00,-5.443119e+00,-4.651771e+00,-4.183457e+00,-7.131311e+00,-7.834000e+00
-1.846126e+00,-1.802439e+00,-5.356081e+00,-3.336827e+00,-4.807052e+00,-5.442288e+00,-5.035849e+00,-4.986336e+00,-7.404769e+00,-8.518848e+00
-2.995714e-01,-5.892922e-01,-5.315605e+00,-8.412975e-01,-8.510712e-01,-7.315266e-01,1.406336e+00,-2.838807e-02,-1.014469e+00,-1.724047e+00
-2.644686e+00,-3.571835e+00,-6.760041e+00,-6.236987e+00,-7.954794e+00,-7.768336e+00,-9.474178e+00,-9.241590e+00,-1.310705e+01,-1.275594e+01
-2.496065e+00,-2.752793e+00,-6.560709e+00,-4.744288e+00,-7.054958e+00,-7.589203e+00,-7.479700e+00,-7.616104e+00,-1.146656e+01,-1.176694e+01
-4.052654e+00,-4.355206e+00,-8.580248e+00,-8.381099e+00,-1.021120e+01,-1.064344e+01,-1.298351e+01,-1.205234e+01,-1.729239e+01,-1.872842e+01
-2.798036e+00,-2.612622e+00,-6.272991e+00,-3.821522e+00,-6.807130e+00,-7.880671e+00,-7.999237e+00,-9.141205e+00,-1.131965e+01,-1.229528e+01
-2.853606e+00,-3.397620e+00,-6.684420e+00,-5.076685e+00,-8.565388e+00,-8.777172e+00,-8.921820e+00,-8.380829e+00,-1.280491e+01,-1.383591e+01
-2.181649e+00,-1.942186e+00,-5.757837e+00,-3.850417e+00,-5.549296e+00,-6.248287e+00,-5.737023e+00,-6.593897e+00,-8.845125e+00,-9.401077e+00
-2.334755e+00,-2.714922e+00,-6.513617e+00,-4.327875e+00,-6.772903e+00,-6.585651e+00,-6.843325e+00,-7.188965e+00,-1.012546e+01,-1.109648e+01
-1.717951e+00,-5.540723e-01,-4.380774e+00,-3.108131e+00,-2.623045e+00,-3.720562e+00,-2.929995e+00,-2.546406e+00,-3.841195e+00,-5.933654e+00
-4.435053e+00,-4.503666e+00,-8.002948e+00,-8.334472e+00,-1.082902e+01,-1.217662e+01,-1.424822e+01,-1.377034e+01,-1.920905e+01,-1.993634e+01
-2.373343e+00,-1.761872e+00,-5.282041e+00,-3.752448e+00,-4.896359e+00,-5.949250e+00,-6.404764e+00,-6.303797e+00,-7.942862e+00,-9.737328e+00
-3.343549e+00,-3.192358e+00,-7.123248e+00,-6.687418e+00,-8.383726e+00,-9.725955e+00,-1.041398e+01,-1.048602e+01,-1.462472e+01,-1.501755e+01
-2.297793e+00,-1.846996e+00,-5.761329e+00,-4.121655e+00,-4.971821e+00,-5.968876e+00,-6.255811e+00,-6.135451e+00,-8.272739e+00,-9.669312e+00
-2.600526e+00,-2.410244e+00,-5.966255e+00,-5.165616e+00,-6.380540e+00,-6.824367e+00,-7.658102e+00,-6.935643e+00,-9.819033e+00,-1.143361e+01
-3.299477e+00,-3.208215e+00,-8.029471e+00,-5.278696e+00,-9.733786e+00,-9.985544e+00,-1.126318e+01,-1.104108e+01,-1.562255e+01,-1.509925e+01
-2.644626e+00,-2.582457e+00,-5.728722e+00,-5.767041e+00,-7.419054e+00,-7.315374e+00,-7.978092e+00,-7.527736e+00,-1.097710e+01,-1.207074e+01
-2.804981e+00,-3.229454e+00,-6.680254e+00,-6.607766e+00,-9.488708e+00,-8.410715e+00,-8.211355e+00,-8.470459e+00,-1.295791e+01,-1.339409e+01
-2.288597e+00,-2.086939e+00,-5.159957e+00,-3.329634e+00,-7.189770e+00,-6.985128e+00,-5.446319e+00,-6.251272e+00,-9.135909e+00,-1.036568e+01
-3.500255e+00,-3.361126e+00,-6.846611e+00,-5.138961e+00,-9.617319e+00,-8.831370e+00,-9.411591e+00,-9.900849e+00,-1.321715e+01,-1.523599e+01
-3.777324e+00,-4.179549e+00,-7.685882e+00,-6.065302e+00,-1.029239e+01,-1.031174e+01,-1.164437e+01,-1.163320e+01,-1.606527e+01,-1.726816e+01
-2.619191e+00,-3.181060e+00,-6.820070e+00,-5.256601e+00,-7.690440e+00,-7.176244e+00,-8.304975e+00,-7.840201e+00,-1.161979e+01,-1.281577e+01
