2.299500e+02,3.672051e+01,1.867796e-01,4.317550e+02,1.448939e-02
2.451868e+02,4.238918e+01,1.474445e-01,4.190448e+02,1.666667e-04
2.343062e+02,3.525615e+01,1.584927e-01,4.086004e+02,1.666667e-04
2.427115e+02,4.026615e+01,1.677384e-01,4.386785e+02,1.666667e-04
2.460415e+02,4.315241e+01,1.613637e-01,4.315439e+02,1.666667e-04
2.545240e+02,3.820247e+01,1.535238e-01,4.329653e+02,1.666667e-04
2.584961e+02,3.214330e+01,1.240194e-01,4.098290e+02,1.666667e-04
2.299500e+02,3.464177e+01,1.787071e-01,4.426363e+02,1.666667e-04
2.379834e+02,4.137192e+01,1.785938e-01,4.382362e+02,1.666667e-04
2.405721e+02,5.319646e+01,1.109234e-01,4.193024e+02,1.666667e-04
2.461330e+02,4.419153e+01,1.578856e-01,4.163059e+02,1.666667e-04
2.549092e+02,3.812177e+01,1.474137e-01,4.138765e+02,1.666667e-04
2.588941e+02,3.534544e+01,1.228480e-01,3.979319e+02,1.666667e-04
2.326745e+02,3.761277e+01,1.865803e-01,4.396499e+02,1.666667e-04
2.355814e+02,4.086853e+01,1.688752e-01,4.493522e+02,1.666667e-04
2.413279e+02,4.224483e+01,1.571962e-01,4.409062e+02,1.666667e-04
2.415994e+02,4.040336e+01,1.475469e-01,4.130767e+02,1.666667e-04
2.346800e+02,6.841100e+01,3.833953e-02,3.841294e+02,1.666667e-04
235,8.133165e-01,1.000000e-01,1.666667e-01,1.666667e-04
2.370831e+02,3.532800e+01,1.489250e-01,4.100249e+02,1.666667e-04
2.333036e+02,3.571720e+01,1.544386e-01,4.207230e+02,1.666667e-04
2.421438e+02,4.019699e+01,1.454068e-01,4.246367e+02,1.666667e-04
2.427649e+02,3.897066e+01,1.525317e-01,4.219002e+02,1.666667e-04
2.447788e+02,4.256280e+01,1.180143e-01,3.802287e+02,1.666667e-04
2.361443e+02,1.535084e+00,4.533167e-01,8.396393e+01,1.666667e-04
2.334898e+02,3.761764e+01,1.591936e-01,4.289993e+02,1.666667e-04
2.381117e+02,3.639044e+01,1.586767e-01,4.218435e+02,1.666667e-04
2.375428e+02,4.212766e+01,1.764194e-01,4.432374e+02,1.666667e-04
2.416605e+02,3.774681e+01,1.738194e-01,4.327810e+02,1.666667e-04
2.406237e+02,4.029803e+01,1.508081e-01,4.200737e+02,1.666667e-04
2.571147e+02,3.440634e+01,1.270324e-01,3.830433e+02,1.666667e-04
2.373104e+02,3.853109e+01,1.516085e-01,4.266405e+02,1.666667e-04
2.379301e+02,3.950445e+01,1.448605e-01,4.173792e+02,1.666667e-04
2.407939e+02,3.867716e+01,1.408343e-01,4.065377e+02,1.666667e-04
2.400593e+02,4.122395e+01,1.609640e-01,4.362161e+02,1.666667e-04
2.462858e+02,3.991281e+01,1.242790e-01,3.881330e+02,1.666667e-04
2.347393e+02,6.186108e+01,5.013867e-02,3.726016e+02,1.666667e-04
2.403962e+02,3.325553e+01,1.324802e-01,4.005861e+02,1.666667e-04
2.394618e+02,3.819840e+01,1.589129e-01,4.226246e+02,1.666667e-04
2.395394e+02,3.846322e+01,1.694699e-01,4.346317e+02,1.666667e-04
2.396609e+02,3.902940e+01,1.632763e-01,4.213240e+02,1.666667e-04
2.391761e+02,4.201745e+01,1.898585e-01,4.578093e+02,1.666667e-04
2.465700e+02,4.851257e+01,1.159266e-01,3.920056e+02,1.666667e-04
2.459651e+02,3.996950e+01,1.278620e-01,3.725893e+02,1.666667e-04
2.424699e+02,3.817198e+01,1.197188e-01,3.939425e+02,1.666667e-04
2.408129e+02,3.959883e+01,1.447584e-01,4.261746e+02,1.666667e-04
2.415043e+02,3.865699e+01,1.436772e-01,4.121326e+02,1.666667e-04
2.442193e+02,4.141689e+01,1.579017e-01,4.204949e+02,1.666667e-04
2.421670e+02,4.023676e+01,1.506584e-01,4.228672e+02,1.666667e-04
2.431644e+02,4.341369e+01,1.569979e-01,4.174576e+02,1.666667e-04
2.439425e+02,3.717347e+01,1.182593e-01,3.866461e+02,1.666667e-04
2.411397e+02,4.185354e+01,1.531741e-01,4.303589e+02,1.666667e-04
2.435361e+02,3.877979e+01,1.384318e-01,4.107628e+02,1.666667e-04
2.415039e+02,4.135519e+01,1.572134e-01,4.233603e+02,1.666667e-04
2.416590e+02,4.151160e+01,1.513667e-01,4.315930e+02,1.666667e-04
2.387414e+02,5.312389e+01,9.793137e-02,3.916231e+02,1.666667e-04
2.431045e+02,4.030555e+01,1.489887e-01,4.187001e+02,1.666667e-04
2.454419e+02,4.145863e+01,1.467521e-01,4.221513e+02,1.666667e-04
2.396352e+02,3.943269e+01,1.560387e-01,4.148024e+02,1.666667e-04
2.427203e+02,4.160304e+01,1.303816e-01,4.015999e+02,1.666667e-04
2.440440e+02,3.992502e+01,1.280953e-01,3.943047e+02,1.666667e-04
2.424318e+02,3.906548e+01,1.424918e-01,3.985587e+02,1.666667e-04
