2.674388e+02,3.649311e+01,2.542456e-01,3.894797e+02,9.998333e-01
2.427942e+02,2.895627e+01,1.420989e-01,3.453491e+02,9.998333e-01
2.495498e+02,3.919411e+01,1.701938e-01,3.847096e+02,9.998333e-01
2.418065e+02,3.494552e+01,1.337231e-01,3.477541e+02,9.998333e-01
2.446272e+02,3.050861e+01,1.471991e-01,3.578543e+02,9.998333e-01
2.372870e+02,2.994268e+01,1.348185e-01,3.289435e+02,9.998333e-01
2.452656e+02,4.011078e+01,1.412363e-01,3.654220e+02,9.998333e-01
2.508347e+02,4.561537e+01,6.438705e-02,5.587344e+02,9.998333e-01
2.648104e+02,4.255910e+01,2.357942e-01,3.865878e+02,9.998333e-01
2.412723e+02,2.660227e+01,1.422097e-01,3.489188e+02,9.998333e-01
2.363889e+02,2.088118e+01,1.317635e-01,3.243855e+02,9.998333e-01
2.557435e+02,4.999652e+01,5.460020e-02,5.656005e+02,9.998333e-01
2.390512e+02,4.375504e+01,1.388391e-01,3.587191e+02,9.998333e-01
2.510676e+02,4.460275e+01,1.637924e-01,3.591893e+02,9.998333e-01
2.393020e+02,2.260127e+01,1.021808e-01,3.718690e+02,9.465146e-01
2.331497e+02,2.644178e+01,1.437038e-01,3.480910e+02,9.998333e-01
2.299500e+02,1.992086e+01,1.361987e-01,3.368881e+02,9.998333e-01
2.315896e+02,3.226770e+01,1.516591e-01,3.410015e+02,9.998333e-01
2.299500e+02,3.574029e+01,1.391260e-01,3.269237e+02,9.998333e-01
2.401508e+02,4.276931e+01,1.468553e-01,3.596587e+02,9.998333e-01
2.694074e+02,4.180971e+01,2.858192e-01,3.951183e+02,9.998333e-01
2.355792e+02,1.947893e+01,1.206227e-01,3.651031e+02,9.345634e-01
2.323910e+02,1.952225e+01,1.349408e-01,3.627733e+02,9.985785e-01
2.299500e+02,1.981334e+01,1.654275e-01,3.558252e+02,9.998333e-01
2.299500e+02,1.964392e+01,1.497623e-01,3.409468e+02,9.998333e-01
2.299500e+02,3.195312e+01,1.536472e-01,3.392841e+02,9.998333e-01
2.299500e+02,2.800148e+01,1.547698e-01,3.429630e+02,9.998333e-01
2.345836e+02,3.167959e+01,1.492734e-01,3.449639e+02,9.998333e-01
2.299500e+02,2.080469e+01,1.382774e-01,3.245369e+02,9.998333e-01
2.498204e+02,3.818717e+01,1.720717e-01,3.736053e+02,9.998333e-01
2.311741e+02,1.676721e+01,1.308478e-01,3.636392e+02,9.359839e-01
2.299500e+02,1.781798e+01,1.471112e-01,3.726793e+02,9.935089e-01
2.299500e+02,1.785192e+01,1.621796e-01,3.560731e+02,9.998333e-01
2.299500e+02,1.901544e+01,1.554510e-01,3.856027e+02,9.998333e-01
2.299500e+02,2.584716e+01,1.537302e-01,3.476401e+02,9.998333e-01
2.299500e+02,2.664420e+01,1.507350e-01,3.342751e+02,9.998333e-01
2.337462e+02,3.056011e+01,1.471368e-01,3.494646e+02,9.998333e-01
2.489518e+02,3.899958e+01,1.866924e-01,3.947244e+02,9.998333e-01
2.378870e+02,2.764422e+01,1.574301e-01,3.399693e+02,9.998333e-01
2.330879e+02,1.832026e+01,1.238243e-01,3.524888e+02,9.397095e-01
2.299500e+02,1.744630e+01,1.515072e-01,3.632700e+02,9.809663e-01
2.305640e+02,1.877480e+01,1.245961e-01,3.782719e+02,9.599927e-01
2.299500e+02,1.678982e+01,1.762796e-01,3.866063e+02,9.998333e-01
235,1.988478e-01,1.000000e-01,2.872544e+02,9.998333e-01
2.349950e+02,6.242895e+01,1.019047e-01,9.826079e+01,7.780805e-01
2.299500e+02,2.450542e+01,1.733136e-01,3.972461e+02,9.998333e-01
2.299500e+02,2.492990e+01,2.095374e-01,3.920856e+02,9.998333e-01
2.299500e+02,2.490555e+01,1.316178e-01,3.390889e+02,9.998333e-01
2.509381e+02,3.892204e+01,1.851472e-01,4.008464e+02,9.998333e-01
2.466609e+02,3.031089e+01,1.300574e-01,3.809011e+02,9.998333e-01
2.366850e+02,1.842936e+01,1.112431e-01,3.313195e+02,9.324173e-01
2.299500e+02,1.732190e+01,1.401902e-01,3.651914e+02,9.523329e-01
2.299500e+02,1.051134e+01,1.651351e-01,3.352779e+02,9.130372e-01
2.364442e+02,1.443296e+01,1.666667e-03,3.167202e+01,9.998333e-01
2.350127e+02,9.860965e+01,9.995464e-02,5.547685e+01,9.998333e-01
2.299500e+02,1.680540e+01,1.632605e-01,3.921006e+02,9.998333e-01
2.299500e+02,2.200011e+01,1.649160e-01,4.025307e+02,9.998333e-01
2.299500e+02,2.019263e+01,2.462672e-01,4.083397e+02,9.998333e-01
2.299500e+02,2.762904e+01,1.951882e-01,3.814784e+02,9.998333e-01
2.353728e+02,2.590539e+01,1.517010e-01,3.509406e+02,9.998333e-01
2.451999e+02,2.885775e+01,1.273311e-01,3.401449e+02,9.998333e-01
2.499437e+02,2.705404e+01,8.687618e-02,3.980333e+02,8.436263e-01
2.302483e+02,1.262133e+01,1.182879e-01,2.823991e+02,9.033292e-01
2.337471e+02,1.768707e+01,1.211651e-01,3.605863e+02,9.248426e-01
2.370677e+02,2.175991e+01,1.183848e-01,3.611315e+02,9.296894e-01
2.299500e+02,1.652301e+01,1.495931e-01,3.665235e+02,9.588237e-01
2.299500e+02,1.609893e+01,1.478213e-01,3.853515e+02,9.998333e-01
2.299500e+02,1.216070e+01,2.200560e-01,3.700427e+02,9.998333e-01
2.299500e+02,2.547121e+01,1.725900e-01,3.917773e+02,9.998333e-01
2.299500e+02,2.375061e+01,2.228615e-01,4.008817e+02,9.998333e-01
2.299500e+02,2.183213e+01,2.207459e-01,3.880439e+02,9.998333e-01
2.316886e+02,2.332523e+01,1.547314e-01,3.441976e+02,9.998333e-01
2.416366e+02,2.554885e+01,1.145107e-01,3.601021e+02,9.795948e-01
2.633658e+02,2.652527e+01,1.187979e-01,4.022252e+02,8.274440e-01
2.299500e+02,1.492781e+01,1.329738e-01,3.488967e+02,9.524403e-01
2.366122e+02,1.923064e+01,9.602028e-02,3.299378e+02,9.016703e-01
2.299500e+02,1.217499e+01,1.445597e-01,3.206363e+02,9.249564e-01
2.299500e+02,1.291232e+01,1.461525e-01,3.326263e+02,9.220097e-01
2.311978e+02,1.177671e+01,1.237717e-01,3.237221e+02,8.857371e-01
2.299500e+02,1.965565e+01,1.435408e-01,3.775679e+02,9.998333e-01
2.299500e+02,1.615041e+01,1.721362e-01,3.811467e+02,9.998333e-01
2.299500e+02,1.914319e+01,1.823209e-01,3.876678e+02,9.998333e-01
2.299500e+02,1.925509e+01,1.987623e-01,3.943476e+02,9.998333e-01
2.299500e+02,2.463104e+01,1.999034e-01,3.889627e+02,9.998333e-01
2.357065e+02,2.431904e+01,1.424311e-01,3.591284e+02,9.998333e-01
2.315532e+02,1.928244e+01,1.420888e-01,3.390494e+02,9.998333e-01
2.450543e+02,2.279629e+01,6.802263e-02,3.721666e+02,7.784314e-01
2.553357e+02,2.229879e+01,6.825935e-02,4.209856e+02,6.153553e-01
2.310540e+02,1.711354e+01,1.254604e-01,3.431192e+02,9.588681e-01
2.379472e+02,1.851985e+01,9.914870e-02,3.616773e+02,8.708275e-01
2.305460e+02,1.801127e+01,1.361508e-01,3.623541e+02,9.693866e-01
2.487711e+02,2.843870e+01,1.233822e-01,3.631566e+02,9.494886e-01
2.359532e+02,2.174365e+01,1.214418e-01,3.697764e+02,9.213474e-01
2.299500e+02,1.733787e+01,1.468837e-01,3.766003e+02,9.491615e-01
2.299500e+02,1.509632e+01,1.616361e-01,3.814989e+02,9.998333e-01
2.299500e+02,2.046847e+01,1.639240e-01,3.829695e+02,9.998333e-01
2.350025e+02,1.618942e+02,1.012230e-01,5.884192e+01,8.953779e-01
2.299500e+02,2.990233e+01,1.812642e-01,4.251960e+02,9.998333e-01
2.299713e+02,2.554337e+01,1.690306e-01,3.904926e+02,9.998333e-01
2.315349e+02,2.271950e+01,1.502233e-01,4.027912e+02,9.998333e-01
2.362146e+02,1.703857e+01,1.052149e-01,3.991515e+02,8.291864e-01
2.415960e+02,2.031298e+01,6.974647e-02,4.178164e+02,6.729479e-01
2.503978e+02,2.551007e+01,6.308427e-02,4.282474e+02,6.018286e-01
2.314950e+02,1.473945e+01,1.155461e-01,3.164226e+02,9.029064e-01
2.373668e+02,2.120370e+01,8.431624e-02,3.196737e+02,8.908492e-01
2.365620e+02,1.956583e+01,1.144704e-01,3.231261e+02,9.342810e-01
2.507707e+02,2.732968e+01,9.707449e-02,3.502224e+02,8.792812e-01
2.399368e+02,2.221584e+01,1.114785e-01,3.586242e+02,9.050027e-01
2.396884e+02,2.031329e+01,6.844897e-02,4.403513e+02,8.369091e-01
2.299500e+02,1.639413e+01,1.581268e-01,3.801417e+02,9.842870e-01
2.299500e+02,1.535164e+00,5.426030e-01,3.734555e+02,7.904493e-01
2.299500e+02,1.545521e+01,1.645927e-01,3.870342e+02,9.998333e-01
2.299500e+02,1.822719e+01,1.815512e-01,3.907920e+02,9.998333e-01
2.299500e+02,1.927441e+01,1.998803e-01,3.913087e+02,9.998333e-01
2.352675e+02,2.147773e+01,1.340730e-01,4.199339e+02,9.547461e-01
2.299500e+02,1.175106e+01,1.543345e-01,4.251454e+02,8.373718e-01
2.350944e+02,1.608797e+01,8.981524e-02,4.080175e+02,6.911240e-01
2.422818e+02,2.358830e+01,5.915086e-02,4.138368e+02,6.624935e-01
2.442374e+02,2.717973e+01,2.707589e-02,3.693546e+02,5.129189e-01
2.356197e+02,1.879674e+01,9.077160e-02,3.403027e+02,8.754664e-01
2.351595e+02,1.790893e+01,9.870384e-02,3.407071e+02,8.850652e-01
2.349435e+02,1.756528e+01,9.094330e-02,3.344439e+02,8.802630e-01
2.349764e+02,1.969524e+01,1.201833e-01,3.522894e+02,9.316595e-01
2.467365e+02,2.630483e+01,1.006478e-01,3.412843e+02,9.157814e-01
2.691885e+02,2.102658e+01,1.794389e-01,3.792606e+02,8.900488e-01
2.388861e+02,2.057872e+01,9.462692e-02,3.674117e+02,8.875246e-01
2.299500e+02,2.009686e+01,1.365567e-01,3.862267e+02,9.663227e-01
2.299500e+02,2.064074e+01,1.461131e-01,3.919785e+02,9.998333e-01
2.299500e+02,2.239313e+01,1.816017e-01,4.002836e+02,9.998333e-01
2.299500e+02,1.751873e+01,1.962356e-01,4.117726e+02,9.998333e-01
2.299500e+02,1.525897e+01,2.169902e-01,4.135410e+02,9.998333e-01
2.299500e+02,1.359124e+01,1.979608e-01,4.460643e+02,9.673694e-01
2.299500e+02,1.171018e+01,1.575552e-01,4.495603e+02,8.240308e-01
2.299500e+02,1.185386e+01,1.268565e-01,4.257885e+02,7.267055e-01
2.557986e+02,3.121239e+01,6.042768e-02,4.121870e+02,6.589516e-01
2.577681e+02,3.423038e+01,5.260435e-02,3.770510e+02,6.339338e-01
2.356490e+02,1.640254e+01,6.367335e-02,3.551625e+02,7.499934e-01
2.333563e+02,1.362679e+01,8.617364e-02,3.366339e+02,8.218225e-01
2.423454e+02,2.443943e+01,8.054628e-02,3.753285e+02,8.848839e-01
2.341687e+02,1.504477e+01,9.234671e-02,3.162703e+02,8.453039e-01
2.324755e+02,1.382790e+01,1.064754e-01,2.870132e+02,8.872946e-01
2.408187e+02,1.616688e+01,9.760538e-02,3.211663e+02,8.643154e-01
2.378694e+02,1.908128e+01,1.127091e-01,3.520060e+02,8.900423e-01
2.299500e+02,1.465310e+01,1.361496e-01,3.777628e+02,9.288184e-01
2.299500e+02,1.376780e+01,1.256559e-01,3.798534e+02,9.328253e-01
2.299500e+02,1.282111e+01,1.656102e-01,3.847892e+02,9.998333e-01
2.299500e+02,2.621572e+01,1.696181e-01,4.314530e+02,9.998333e-01
2.299500e+02,1.294577e+01,2.322610e-01,3.920369e+02,9.998333e-01
2.299500e+02,1.330669e+01,2.135273e-01,4.521432e+02,9.508186e-01
2.299500e+02,1.102955e+01,1.482202e-01,4.430593e+02,7.744575e-01
2.299500e+02,1.062945e+01,1.235647e-01,4.273455e+02,6.715262e-01
2.399492e+02,2.023188e+01,5.739992e-02,3.856527e+02,6.711311e-01
2.349038e+02,1.455228e+01,6.945136e-02,3.309019e+02,7.257773e-01
2.315105e+02,1.072501e+01,9.983011e-02,3.338721e+02,7.728519e-01
2.365255e+02,1.663748e+01,7.364845e-02,3.559763e+02,7.823485e-01
2.437601e+02,2.587149e+01,5.081827e-02,3.712848e+02,7.885270e-01
2.367280e+02,1.845630e+01,6.934548e-02,3.351546e+02,8.027601e-01
2.407157e+02,2.294254e+01,9.293721e-02,3.840179e+02,8.931979e-01
2.328549e+02,1.501081e+01,1.056480e-01,3.085109e+02,8.809379e-01
2.394934e+02,1.442702e+01,8.915837e-02,3.172461e+02,8.117615e-01
2.375721e+02,1.978136e+01,1.129100e-01,3.802467e+02,8.898948e-01
2.331048e+02,1.285700e+01,9.357745e-02,4.062830e+02,9.233317e-01
2.299500e+02,1.253854e+01,1.814866e-01,4.186792e+02,9.879981e-01
2.299500e+02,1.972259e+01,1.798829e-01,4.238382e+02,9.998333e-01
2.299500e+02,1.548094e+01,2.009366e-01,4.230618e+02,9.998333e-01
2.299500e+02,1.266234e+01,2.065939e-01,4.586405e+02,9.281668e-01
2.299500e+02,1.179696e+01,1.452660e-01,4.600709e+02,7.799075e-01
2.299500e+02,7.493700e+00,1.364196e-01,4.166384e+02,6.162055e-01
2.351214e+02,1.610893e+01,6.149813e-02,3.232532e+02,7.217437e-01
2.336056e+02,1.433129e+01,6.484526e-02,3.262576e+02,7.144817e-01
2.397646e+02,2.243061e+01,8.002657e-02,3.938756e+02,8.580587e-01
2.433830e+02,2.612258e+01,4.441779e-02,3.598148e+02,7.260777e-01
2.386635e+02,2.206207e+01,5.291597e-02,3.417821e+02,7.602126e-01
2.381508e+02,2.132006e+01,9.403690e-02,3.205386e+02,9.057829e-01
2.471355e+02,2.473399e+01,8.545080e-02,3.366892e+02,8.459931e-01
2.405394e+02,1.646632e+01,9.943206e-02,3.196307e+02,8.413957e-01
2.344082e+02,1.620563e+01,1.111357e-01,3.666513e+02,8.609446e-01
2.338068e+02,1.939684e+01,1.256631e-01,3.844241e+02,9.257603e-01
2.299500e+02,1.242034e+01,1.495063e-01,3.836446e+02,9.234149e-01
2.299500e+02,1.377319e+01,2.049146e-01,4.084590e+02,9.998333e-01
2.299500e+02,2.014978e+01,1.799024e-01,4.189080e+02,9.998333e-01
2.299500e+02,1.624456e+01,1.691186e-01,4.365759e+02,9.372692e-01
2.299567e+02,1.031899e+01,1.222127e-01,4.315764e+02,6.416817e-01
2.299500e+02,1.002542e+01,1.473692e-01,4.561068e+02,6.991031e-01
2.309875e+02,8.150133e+00,1.164711e-01,2.878135e+02,7.292181e-01
2.316066e+02,1.093897e+01,9.932026e-02,3.551226e+02,7.412528e-01
2.317965e+02,1.074475e+01,9.224249e-02,3.459156e+02,7.211244e-01
2.350650e+02,1.633544e+01,6.742884e-02,3.724301e+02,7.531099e-01
2.376333e+02,2.165748e+01,6.876713e-02,2.957692e+02,8.552575e-01
2.406192e+02,2.434033e+01,6.127733e-02,2.956294e+02,8.411612e-01
2.396697e+02,2.004504e+01,9.970663e-02,3.405914e+02,8.741025e-01
2.332785e+02,1.148744e+01,1.032560e-01,3.140063e+02,7.992323e-01
2.367569e+02,1.525542e+01,9.682829e-02,3.178959e+02,8.007892e-01
2.338356e+02,1.583302e+01,1.188060e-01,3.676208e+02,8.593058e-01
2.299500e+02,1.246076e+01,1.529850e-01,3.660956e+02,9.097979e-01
2.299500e+02,1.216900e+01,1.919821e-01,4.013098e+02,9.862670e-01
2.320052e+02,1.907326e+01,1.317864e-01,3.909295e+02,9.336219e-01
2.299500e+02,1.497115e+01,1.300545e-01,4.232952e+02,8.260210e-01
2.327390e+02,1.295083e+01,1.100364e-01,4.328805e+02,6.620822e-01
2.310149e+02,1.041564e+01,1.057252e-01,2.719377e+02,7.472090e-01
2.320184e+02,1.326645e+01,7.379681e-02,3.802287e+02,6.823724e-01
2.310814e+02,9.745563e+00,9.358114e-02,3.594641e+02,6.969719e-01
2.339960e+02,1.821249e+01,8.896623e-02,2.438492e+02,8.827749e-01
2.326046e+02,1.393846e+01,5.579715e-02,3.100454e+02,7.070267e-01
2.322025e+02,1.382288e+01,9.313252e-02,2.865308e+02,8.670416e-01
2.354242e+02,1.663105e+01,8.162313e-02,3.176304e+02,8.067415e-01
2.320784e+02,1.159743e+01,1.187813e-01,3.389534e+02,8.430431e-01
2.357677e+02,1.725982e+01,1.088101e-01,3.609555e+02,8.542698e-01
2.316599e+02,1.546086e+01,1.307771e-01,3.462196e+02,8.772355e-01
2.299500e+02,1.117234e+01,1.706529e-01,3.726541e+02,9.337998e-01
2.299500e+02,1.057795e+01,1.907309e-01,4.055066e+02,9.509161e-01
2.299500e+02,1.784833e+01,1.635856e-01,4.208717e+02,9.990632e-01
2.299500e+02,1.159716e+01,1.404886e-01,3.896036e+02,7.932923e-01
2.299500e+02,1.141591e+01,1.453900e-01,4.336123e+02,7.174653e-01
2.363784e+02,4.862752e-01,9.128152e-02,6.347521e+02,2.899166e-01
2.309175e+02,8.910492e+00,9.424121e-02,3.755263e+02,6.580539e-01
2.314872e+02,9.870216e+00,1.129303e-01,2.436458e+02,8.340175e-01
2.366645e+02,2.146881e+01,4.404100e-02,2.801561e+02,7.577545e-01
2.342128e+02,1.768457e+01,6.669425e-02,3.191061e+02,7.894401e-01
2.338924e+02,1.542632e+01,8.857121e-02,3.035645e+02,8.231968e-01
2.346833e+02,1.454773e+01,8.773245e-02,3.410351e+02,7.921231e-01
2.459154e+02,2.394569e+01,9.665238e-02,4.001294e+02,8.364551e-01
2.299500e+02,1.146038e+01,1.411216e-01,3.841778e+02,8.375875e-01
2.313704e+02,1.340657e+01,1.205570e-01,3.938158e+02,8.323536e-01
2.299500e+02,1.128506e+01,1.517891e-01,3.926535e+02,8.875149e-01
2.299500e+02,1.502597e+01,1.546361e-01,4.294157e+02,9.445176e-01
2.299500e+02,1.080475e+01,1.401056e-01,3.971612e+02,7.760990e-01
2.308268e+02,9.280705e+00,8.833079e-02,3.995941e+02,6.336839e-01
2.322765e+02,1.319798e+01,6.293475e-02,3.537810e+02,6.709095e-01
2.307986e+02,9.030896e+00,1.080440e-01,3.143552e+02,7.568128e-01
2.347625e+02,1.816626e+01,6.401094e-02,2.994452e+02,8.035264e-01
2.350476e+02,1.585855e+01,6.331731e-02,2.988232e+02,7.829145e-01
2.375146e+02,1.867830e+01,7.377314e-02,3.312684e+02,7.982697e-01
2.366731e+02,1.436373e+01,7.399067e-02,3.732434e+02,7.115228e-01
2.312813e+02,1.238351e+01,1.218096e-01,3.556677e+02,8.089584e-01
2.299500e+02,9.652539e+00,1.365481e-01,3.742992e+02,8.053452e-01
2.299500e+02,1.092638e+01,1.452015e-01,3.877669e+02,8.674934e-01
2.299500e+02,1.057353e+01,1.756995e-01,4.034487e+02,8.874849e-01
2.299500e+02,8.203160e+00,1.923724e-01,4.342350e+02,7.941242e-01
2.303025e+02,6.769272e+00,1.122345e-01,3.788413e+02,6.362256e-01
2.333599e+02,1.618389e+01,5.663108e-02,3.746510e+02,7.157533e-01
2.321678e+02,1.306366e+01,9.362445e-02,2.969296e+02,8.254185e-01
2.333624e+02,1.440757e+01,6.125421e-02,2.922739e+02,7.323392e-01
2.358797e+02,1.602781e+01,6.148623e-02,3.412372e+02,7.145712e-01
2.397249e+02,1.925612e+01,7.691960e-02,3.502027e+02,7.781690e-01
2.361517e+02,1.305816e+01,7.447805e-02,3.731498e+02,6.902525e-01
2.299500e+02,8.898465e+00,1.316475e-01,3.718613e+02,7.792129e-01
2.299623e+02,8.738347e+00,1.243534e-01,3.702625e+02,7.832838e-01
2.299500e+02,7.309146e+00,1.652262e-01,4.094875e+02,7.630907e-01
2.300969e+02,1.051898e+01,9.776823e-02,3.914752e+02,6.805188e-01
2.311011e+02,8.914135e+00,1.160809e-01,2.522094e+02,8.056567e-01
2.338145e+02,1.699573e+01,8.984237e-02,2.480218e+02,8.821821e-01
2.361262e+02,2.067010e+01,5.883473e-02,2.727014e+02,7.742020e-01
2.346073e+02,1.613806e+01,6.557338e-02,3.379718e+02,7.363156e-01
2.350965e+02,1.506708e+01,6.759386e-02,3.405954e+02,7.151890e-01
2.309794e+02,9.050792e+00,9.863358e-02,3.478667e+02,7.005655e-01
2.338019e+02,1.297998e+01,9.263378e-02,3.702384e+02,7.722569e-01
2.331193e+02,1.512502e+01,9.496562e-02,3.881363e+02,8.178954e-01
2.299500e+02,7.028790e+00,1.585109e-01,4.074104e+02,7.305149e-01
2.300626e+02,8.424590e+00,1.332297e-01,2.475729e+02,8.110608e-01
2.326765e+02,1.558109e+01,4.844693e-02,2.885638e+02,6.592748e-01
2.316351e+02,1.215347e+01,1.097579e-01,2.583938e+02,8.523126e-01
2.365454e+02,2.162561e+01,4.089960e-02,2.917067e+02,6.848204e-01
2.361947e+02,1.786126e+01,4.745289e-02,2.775137e+02,6.997191e-01
2.326597e+02,1.375095e+01,6.338762e-02,2.985539e+02,7.091623e-01
2.312980e+02,6.831333e+00,8.989325e-02,3.059613e+02,6.784010e-01
2.333925e+02,1.006139e+01,9.500688e-02,3.626725e+02,7.302524e-01
2.299500e+02,5.727280e+00,1.540074e-01,3.974481e+02,6.764834e-01
2.312638e+02,1.115666e+01,8.856801e-02,2.770934e+02,7.322591e-01
2.321120e+02,7.482173e+00,9.593033e-02,3.098192e+02,6.829125e-01
2.323740e+02,1.284161e+01,8.230816e-02,3.105147e+02,7.684518e-01
2.359502e+02,1.672249e+01,6.391174e-02,3.101752e+02,7.348577e-01
2.359551e+02,1.936470e+01,6.558161e-02,3.210703e+02,7.598627e-01
2.347690e+02,1.639970e+01,6.350214e-02,3.492106e+02,7.369108e-01
2.337485e+02,1.360428e+01,5.692874e-02,3.207171e+02,6.546288e-01
2.299500e+02,4.464256e+00,1.541712e-01,3.031767e+02,6.520069e-01
2.326149e+02,1.234298e+01,6.269217e-02,3.095345e+02,6.651510e-01
2.336082e+02,1.469581e+01,6.614273e-02,2.708553e+02,7.612300e-01
2.391194e+02,2.311074e+01,4.877325e-02,3.728219e+02,7.108662e-01
2.378703e+02,2.327391e+01,7.352490e-02,2.313884e+02,9.119433e-01
2.378019e+02,2.224909e+01,4.490282e-02,3.085410e+02,7.111375e-01
2.358759e+02,1.795634e+01,5.552041e-02,3.921885e+02,7.065116e-01
2.319387e+02,1.148814e+01,7.149771e-02,3.658131e+02,6.557242e-01
2.328851e+02,1.713152e+01,4.985027e-02,3.399195e+02,6.778705e-01
2.392325e+02,2.507480e+01,5.636922e-02,2.314212e+02,8.360129e-01
2.383797e+02,2.301973e+01,3.991294e-02,2.832642e+02,6.946766e-01
2.368885e+02,2.218459e+01,3.211201e-02,3.011051e+02,6.329992e-01
2.430463e+02,2.538365e+01,3.331831e-02,3.686322e+02,6.137640e-01
2.322047e+02,1.194220e+01,5.721288e-02,3.684357e+02,6.332239e-01
2.384615e+02,2.412697e+01,3.371848e-02,2.599218e+02,6.888623e-01
2.369949e+02,2.086514e+01,4.508371e-02,2.556495e+02,7.327761e-01
2.390243e+02,2.550232e+01,3.635201e-02,2.525632e+02,7.345376e-01
2.324491e+02,1.065515e+01,5.856758e-02,2.802858e+02,6.279277e-01
2.410544e+02,2.496857e+01,3.156718e-02,2.811302e+02,6.553726e-01
2.402989e+02,2.608222e+01,2.609531e-02,2.612498e+02,6.588097e-01
2.382090e+02,2.425916e+01,2.982803e-02,2.707176e+02,6.199913e-01
2.367522e+02,2.286185e+01,4.349812e-02,2.560436e+02,7.355906e-01
2.346984e+02,1.967795e+01,3.699144e-02,2.531104e+02,7.001024e-01
2.358793e+02,2.273664e+01,2.657296e-02,2.641633e+02,6.089173e-01
2.396257e+02,2.739531e+01,2.294972e-02,2.833752e+02,6.172729e-01
