6.183722e+00,6.429855e+00,3.632089e-02,1.236356e+01,5.602540e-02
5.685146e+00,7.343298e+00,2.871539e-02,1.208526e+01,5.512910e-02
6.383657e+00,6.588377e+00,3.222241e-02,1.288534e+01,5.350305e-02
5.786208e+00,6.964529e+00,3.259860e-02,1.184043e+01,5.677778e-02
5.569764e+00,7.271164e+00,3.070199e-02,1.183313e+01,5.675011e-02
4.182949e+00,8.845620e+00,1.623743e-02,1.148472e+01,5.651972e-02
4.046790e+00,9.315656e+00,9.890119e-03,1.243397e+01,5.304654e-02
6.272390e+00,6.325497e+00,3.590965e-02,1.212929e+01,5.620989e-02
5.802830e+00,6.903274e+00,3.385358e-02,1.199089e+01,5.724342e-02
5.441175e+00,7.232265e+00,2.783640e-02,1.219297e+01,5.655403e-02
5.630269e+00,7.264688e+00,3.049380e-02,1.209936e+01,5.573047e-02
4.382283e+00,8.774125e+00,1.628078e-02,1.181412e+01,5.478974e-02
4.015852e+00,9.196019e+00,1.090771e-02,1.144800e+01,5.226095e-02
6.087408e+00,6.482308e+00,3.621357e-02,1.211440e+01,5.674491e-02
5.790702e+00,6.968620e+00,3.274927e-02,1.181351e+01,5.741905e-02
5.660809e+00,7.218700e+00,3.051619e-02,1.178980e+01,5.685581e-02
5.938727e+00,7.122452e+00,2.949213e-02,1.239029e+01,5.428070e-02
5.123728e+00,6.988041e+00,2.165514e-02,1.401014e+01,5.336205e-02
10,7.441356e-03,7.071068e-02,2.272301e+01,2.742921e-02
6.354116e+00,6.716828e+00,3.075862e-02,1.279710e+01,5.342755e-02
6.302982e+00,6.696176e+00,3.162720e-02,1.256357e+01,5.444118e-02
5.863720e+00,7.180962e+00,2.918978e-02,1.210877e+01,5.511388e-02
5.973657e+00,6.979169e+00,3.074814e-02,1.219031e+01,5.492843e-02
6.000025e+00,7.272360e+00,2.604789e-02,1.254951e+01,5.062859e-02
9.994064e+00,5.090261e-02,6.398990e-02,7.779324e-01,2.209163e-02
6.119922e+00,6.812964e+00,3.190357e-02,1.229269e+01,5.539145e-02
6.211848e+00,6.676504e+00,3.236707e-02,1.238360e+01,5.470809e-02
5.735605e+00,6.984837e+00,3.338087e-02,1.190073e+01,5.759195e-02
6.007375e+00,6.654826e+00,3.431925e-02,1.202435e+01,5.611017e-02
5.915852e+00,7.100316e+00,2.998078e-02,1.225383e+01,5.491475e-02
4.518241e+00,8.931723e+00,1.270511e-02,1.216470e+01,5.041148e-02
6.038865e+00,6.959215e+00,3.062746e-02,1.223313e+01,5.517836e-02
6.015518e+00,7.086215e+00,2.935181e-02,1.240654e+01,5.447680e-02
6.087591e+00,7.075948e+00,2.872652e-02,1.265426e+01,5.336183e-02
5.767758e+00,7.099290e+00,3.128139e-02,1.192249e+01,5.654407e-02
5.989965e+00,7.364695e+00,2.548363e-02,1.216933e+01,5.140122e-02
5.252426e+00,6.840422e+00,2.254216e-02,1.448154e+01,5.205368e-02
6.553437e+00,6.754093e+00,2.852996e-02,1.327211e+01,5.204724e-02
6.059197e+00,6.844979e+00,3.182311e-02,1.227679e+01,5.504855e-02
5.985263e+00,6.748038e+00,3.354412e-02,1.202153e+01,5.619624e-02
6.009728e+00,6.856759e+00,3.227480e-02,1.228311e+01,5.522369e-02
5.651702e+00,6.860337e+00,3.536470e-02,1.168030e+01,5.885263e-02
5.182701e+00,7.689693e+00,2.294769e-02,1.181278e+01,5.404584e-02
6.139068e+00,7.130530e+00,2.699305e-02,1.291563e+01,4.948092e-02
6.178526e+00,7.279739e+00,2.523995e-02,1.222974e+01,5.182136e-02
5.911407e+00,7.148578e+00,2.919935e-02,1.212756e+01,5.512173e-02
6.079785e+00,7.008435e+00,2.954372e-02,1.248719e+01,5.389737e-02
5.759978e+00,7.171185e+00,3.047205e-02,1.211554e+01,5.548276e-02
5.877319e+00,7.114055e+00,3.001611e-02,1.214561e+01,5.515519e-02
5.663572e+00,7.311163e+00,2.977215e-02,1.217362e+01,5.557468e-02
6.281075e+00,7.208293e+00,2.521352e-02,1.262643e+01,5.079518e-02
5.723759e+00,7.246690e+00,2.975996e-02,1.198212e+01,5.602820e-02
6.027694e+00,7.121113e+00,2.847487e-02,1.246847e+01,5.365828e-02
5.800332e+00,7.145563e+00,3.053620e-02,1.213164e+01,5.560767e-02
5.740449e+00,7.229587e+00,2.971950e-02,1.194981e+01,5.598744e-02
5.683965e+00,6.932475e+00,2.755804e-02,1.226104e+01,5.380146e-02
5.875603e+00,7.142838e+00,2.966365e-02,1.220910e+01,5.481687e-02
5.732242e+00,7.283023e+00,2.897206e-02,1.203614e+01,5.519651e-02
6.028916e+00,6.929999e+00,3.123894e-02,1.241986e+01,5.459671e-02
5.866641e+00,7.406469e+00,2.635029e-02,1.262842e+01,5.301691e-02
6.011371e+00,7.302761e+00,2.623403e-02,1.196892e+01,5.225934e-02
6.084060e+00,7.057334e+00,2.883300e-02,1.183284e+01,5.303187e-02
