4.461742e+00,7.033914e+00,4.722441e-02,1.743748e+01,2.569391e-02
6.770396e+00,8.388907e+00,3.817795e-02,1.606631e+01,2.637358e-02
6.530015e+00,8.160407e+00,3.926610e-02,1.735282e+01,2.498293e-02
6.676963e+00,8.098018e+00,4.072650e-02,1.582625e+01,2.673126e-02
7.243622e+00,8.200050e+00,3.628768e-02,1.860887e+01,2.280936e-02
7.697213e+00,7.837150e+00,3.905468e-02,1.763344e+01,2.290481e-02
6.241745e+00,8.048990e+00,4.218877e-02,1.610583e+01,2.739907e-02
7.970417e+00,5.160772e+00,4.554429e-02,2.383429e+01,2.264937e-02
4.204965e+00,7.364835e+00,4.873179e-02,1.510256e+01,2.856332e-02
7.315058e+00,8.345292e+00,3.605404e-02,1.661932e+01,2.435328e-02
7.432574e+00,8.485896e+00,3.610840e-02,1.525525e+01,2.629203e-02
7.771405e+00,4.995880e+00,4.547727e-02,2.304911e+01,1.955857e-02
7.013440e+00,7.457886e+00,4.257637e-02,1.661087e+01,2.494975e-02
5.554042e+00,8.202609e+00,4.265831e-02,1.607507e+01,2.804141e-02
8.925819e+00,6.332135e+00,4.400578e-02,2.696866e+01,2.403406e-02
8.588464e+00,6.912899e+00,4.324683e-02,2.333544e+01,1.943996e-02
7.710978e+00,8.230553e+00,3.829744e-02,1.502959e+01,2.589644e-02
7.472513e+00,7.770537e+00,4.089315e-02,1.638244e+01,2.493209e-02
7.391176e+00,7.369563e+00,4.315363e-02,1.600634e+01,2.571117e-02
7.391077e+00,7.306752e+00,4.188156e-02,1.869551e+01,2.246336e-02
3.799653e+00,8.036501e+00,4.158711e-02,1.546690e+01,2.557486e-02
8.852664e+00,6.965928e+00,4.231903e-02,2.102889e+01,2.308544e-02
8.853096e+00,7.023505e+00,4.390840e-02,2.017541e+01,2.144909e-02
8.533286e+00,7.511100e+00,4.253041e-02,1.612689e+01,2.312006e-02
8.244339e+00,7.768991e+00,4.337291e-02,1.310752e+01,2.643370e-02
8.322081e+00,6.572480e+00,4.536825e-02,2.070894e+01,1.951704e-02
7.684957e+00,7.798731e+00,4.180219e-02,1.446202e+01,2.608362e-02
6.798988e+00,8.196046e+00,4.020819e-02,1.493055e+01,2.728657e-02
7.344754e+00,8.414350e+00,3.962742e-02,1.301009e+01,2.806067e-02
6.957220e+00,7.727495e+00,3.582946e-02,2.466844e+01,1.792612e-02
9.115582e+00,6.361089e+00,4.790374e-02,2.077543e+01,2.285367e-02
9.038311e+00,6.396812e+00,4.927390e-02,1.850639e+01,2.225801e-02
8.984415e+00,6.057240e+00,5.094598e-02,1.913206e+01,2.138474e-02
9.307425e+00,3.917710e+00,6.082191e-02,1.860570e+01,2.151028e-02
8.267730e+00,7.285769e+00,4.438948e-02,1.578235e+01,2.416030e-02
8.330594e+00,6.494627e+00,4.885743e-02,1.433765e+01,2.577409e-02
7.124158e+00,8.131207e+00,3.977845e-02,1.540151e+01,2.631706e-02
6.520975e+00,8.135889e+00,3.963984e-02,1.671562e+01,2.530676e-02
7.839007e+00,7.706746e+00,3.716023e-02,2.275160e+01,1.919494e-02
9.013789e+00,6.408195e+00,4.551181e-02,2.509865e+01,2.259344e-02
9.095995e+00,5.817046e+00,5.158756e-02,2.138618e+01,2.122635e-02
9.237173e+00,5.099979e+00,5.454845e-02,2.440838e+01,2.178266e-02
9.236852e+00,4.720100e+00,5.836330e-02,1.721152e+01,2.263078e-02
10,5.489711e-03,7.071068e-02,3.999554e+01,2.329762e-02
1.000000e+01,1.707746e+00,7.071060e-02,8.674789e-01,2.304829e-02
8.973970e+00,4.923539e+00,5.592484e-02,1.758794e+01,2.193563e-02
8.421611e+00,6.882766e+00,4.600154e-02,1.649862e+01,2.271001e-02
7.816360e+00,7.767607e+00,4.323770e-02,1.316550e+01,2.712696e-02
6.323853e+00,8.182316e+00,4.006949e-02,1.750899e+01,2.602589e-02
7.558449e+00,8.184547e+00,3.523201e-02,1.849631e+01,2.294834e-02
8.599317e+00,7.687841e+00,3.461333e-02,2.230537e+01,2.308421e-02
9.091553e+00,6.217978e+00,4.925390e-02,2.052329e+01,2.245321e-02
9.255580e+00,5.608756e+00,5.349528e-02,1.836789e+01,2.441827e-02
9.998735e+00,9.999757e+00,7.006921e-02,3.265596e-01,2.297920e-02
1.000000e+01,2.243505e+00,7.071065e-02,1.001378e+00,2.420347e-02
9.483807e+00,2.926201e+00,6.420703e-02,1.652489e+01,2.262734e-02
9.296361e+00,3.623089e+00,6.114574e-02,1.912260e+01,2.096104e-02
8.640117e+00,6.394604e+00,4.954905e-02,1.541533e+01,2.357336e-02
8.367142e+00,6.931189e+00,4.494502e-02,1.801564e+01,2.153508e-02
7.795194e+00,8.063683e+00,3.755144e-02,1.714940e+01,2.314713e-02
7.756060e+00,7.698848e+00,3.409026e-02,2.661009e+01,2.065897e-02
7.743650e+00,8.376570e+00,2.825015e-02,1.617433e+01,3.197249e-02
9.225335e+00,6.957877e+00,3.929691e-02,2.353276e+01,2.387793e-02
8.994099e+00,6.757683e+00,4.395651e-02,2.143694e+01,2.301661e-02
8.735659e+00,6.965681e+00,4.090078e-02,2.371557e+01,2.235712e-02
9.158748e+00,5.651952e+00,5.259447e-02,2.082102e+01,2.208864e-02
9.423238e+00,3.478164e+00,6.291923e-02,1.709606e+01,2.253174e-02
9.289101e+00,4.183576e+00,6.039904e-02,1.680525e+01,2.276558e-02
8.619141e+00,6.821005e+00,4.700403e-02,1.622882e+01,2.292429e-02
8.570228e+00,6.470344e+00,4.820528e-02,1.719668e+01,2.217850e-02
8.560643e+00,6.395809e+00,4.874845e-02,1.655216e+01,2.269578e-02
8.120975e+00,7.919876e+00,3.807035e-02,1.805666e+01,2.213967e-02
8.220999e+00,7.868113e+00,3.466380e-02,2.202114e+01,2.174173e-02
4.507613e+00,7.826466e+00,3.178053e-02,1.757537e+01,3.555761e-02
9.203938e+00,6.052744e+00,4.936059e-02,2.346389e+01,2.215768e-02
8.937570e+00,7.026865e+00,3.474650e-02,2.948903e+01,2.916697e-02
9.198521e+00,6.287962e+00,4.779226e-02,2.167703e+01,2.298385e-02
8.929949e+00,7.175211e+00,4.260211e-02,1.773781e+01,2.518057e-02
8.237056e+00,8.085775e+00,3.581135e-02,1.566709e+01,2.953918e-02
9.134054e+00,5.446781e+00,5.408175e-02,2.027020e+01,2.101751e-02
9.334181e+00,4.176287e+00,6.026766e-02,1.894139e+01,2.160323e-02
9.079839e+00,5.113671e+00,5.608049e-02,1.742375e+01,2.227514e-02
9.139497e+00,4.545703e+00,5.823462e-02,1.739233e+01,2.218232e-02
8.445942e+00,6.934070e+00,4.585164e-02,1.640760e+01,2.276106e-02
8.421355e+00,7.463860e+00,3.970128e-02,2.147373e+01,2.041294e-02
8.864500e+00,6.499733e+00,4.511704e-02,2.605098e+01,2.197761e-02
8.497124e+00,8.193814e+00,2.467648e-02,1.902167e+01,2.788176e-02
6.334108e+00,8.238591e+00,2.401994e-02,1.491020e+01,3.669490e-02
9.055720e+00,6.530994e+00,4.519996e-02,2.509705e+01,2.259480e-02
8.884856e+00,7.353776e+00,3.679101e-02,2.103319e+01,2.449609e-02
9.000544e+00,6.728174e+00,4.596597e-02,2.040454e+01,2.215155e-02
7.457535e+00,8.076910e+00,3.356265e-02,2.093870e+01,2.395855e-02
8.918363e+00,6.251648e+00,4.629865e-02,2.375165e+01,2.237950e-02
9.079192e+00,6.146841e+00,5.056700e-02,1.801460e+01,2.402801e-02
9.539823e+00,3.153388e+00,6.395444e-02,2.108720e+01,2.102407e-02
8.996029e+00,5.811405e+00,5.264424e-02,1.790175e+01,2.204117e-02
1.000000e+01,2.863620e+00,7.071063e-02,9.289007e-01,2.317624e-02
8.149156e+00,7.728158e+00,4.295744e-02,1.377648e+01,2.585866e-02
8.455281e+00,7.500309e+00,4.279217e-02,1.576016e+01,2.325896e-02
8.598761e+00,7.479233e+00,4.368480e-02,1.533300e+01,2.479568e-02
8.948071e+00,7.396045e+00,4.004344e-02,1.575370e+01,3.014189e-02
8.755930e+00,8.362829e+00,2.698998e-02,1.429443e+01,3.406747e-02
7.804335e+00,8.669931e+00,2.185226e-02,1.448741e+01,3.941935e-02
9.078046e+00,5.735802e+00,4.539288e-02,3.042153e+01,3.526066e-02
8.627517e+00,7.297721e+00,3.133032e-02,3.043248e+01,3.379035e-02
8.522150e+00,7.653229e+00,3.432949e-02,2.411263e+01,2.271376e-02
7.654327e+00,7.994309e+00,2.867985e-02,2.474009e+01,2.415598e-02
8.574992e+00,7.234055e+00,3.745659e-02,2.365258e+01,2.302839e-02
9.340353e+00,4.375018e+00,5.468288e-02,3.025868e+01,3.177927e-02
9.200224e+00,5.218326e+00,5.605137e-02,1.758468e+01,2.303175e-02
9.919471e+00,5.041711e-02,3.792354e-02,2.597183e+01,2.602460e-02
9.429861e+00,3.593797e+00,6.281251e-02,1.673065e+01,2.288925e-02
9.072841e+00,5.327731e+00,5.561817e-02,1.619836e+01,2.320753e-02
8.781908e+00,6.239839e+00,5.073701e-02,1.557940e+01,2.348822e-02
8.550486e+00,7.611058e+00,4.270344e-02,1.414103e+01,2.869155e-02
9.394896e+00,5.301016e+00,5.749254e-02,1.316925e+01,3.160399e-02
9.144620e+00,7.589910e+00,3.740591e-02,1.469747e+01,3.247811e-02
8.586705e+00,8.698868e+00,2.222134e-02,1.462425e+01,3.398340e-02
8.565154e+00,8.889709e+00,1.103416e-02,1.825543e+01,2.843310e-02
8.944212e+00,7.356671e+00,3.490926e-02,2.617389e+01,2.451624e-02
8.979529e+00,7.089275e+00,3.776455e-02,2.607907e+01,2.424506e-02
9.020158e+00,7.096791e+00,3.649980e-02,2.774867e+01,2.619025e-02
8.804492e+00,7.077884e+00,4.054005e-02,2.327579e+01,2.243685e-02
7.954402e+00,7.751950e+00,3.056396e-02,2.702160e+01,2.348702e-02
4.721256e+00,7.745206e+00,3.335044e-02,2.030351e+01,2.781960e-02
9.192280e+00,5.605042e+00,4.792822e-02,2.715970e+01,2.484458e-02
8.995193e+00,6.444211e+00,4.952360e-02,1.644280e+01,2.454834e-02
8.967024e+00,6.392190e+00,5.043539e-02,1.562229e+01,2.375846e-02
8.678266e+00,6.822165e+00,4.776354e-02,1.489644e+01,2.399024e-02
8.901520e+00,6.112881e+00,5.277455e-02,1.452327e+01,2.533500e-02
9.052605e+00,5.332005e+00,5.663684e-02,1.427359e+01,2.557409e-02
9.280880e+00,5.109908e+00,5.938736e-02,1.199467e+01,2.944289e-02
9.423851e+00,5.235198e+00,5.870078e-02,1.179276e+01,3.326877e-02
9.435006e+00,5.903768e+00,5.375592e-02,1.302935e+01,3.300456e-02
5.493388e+00,8.805407e+00,1.943119e-02,1.569748e+01,3.730384e-02
4.845281e+00,8.796416e+00,1.543914e-02,1.819370e+01,3.285848e-02
9.251784e+00,7.798333e+00,2.902055e-02,2.153438e+01,2.489573e-02
9.328597e+00,6.630870e+00,4.022665e-02,2.707845e+01,2.557820e-02
8.412058e+00,8.291549e+00,2.833744e-02,1.859878e+01,2.652123e-02
9.092813e+00,6.227750e+00,3.921451e-02,3.134475e+01,3.666190e-02
9.116766e+00,7.216550e+00,3.533847e-02,2.562933e+01,2.449526e-02
8.132150e+00,8.328333e+00,2.793464e-02,1.795461e+01,2.823520e-02
8.694833e+00,7.318373e+00,3.735225e-02,2.203226e+01,2.382082e-02
9.520550e+00,3.972473e+00,6.102487e-02,2.107198e+01,2.266378e-02
9.596459e+00,3.442838e+00,6.277179e-02,2.374124e+01,2.247586e-02
9.615379e+00,2.794039e+00,6.555210e-02,1.826923e+01,2.215660e-02
8.414053e+00,7.597049e+00,4.464459e-02,1.310054e+01,2.636012e-02
9.232811e+00,4.412475e+00,5.977650e-02,1.518541e+01,2.392203e-02
9.460811e+00,4.131321e+00,6.302397e-02,1.178982e+01,3.031768e-02
9.644719e+00,4.006424e+00,6.349514e-02,1.181402e+01,3.273266e-02
9.531011e+00,5.596196e+00,5.543106e-02,1.275882e+01,3.322788e-02
8.961094e+00,8.384260e+00,2.316049e-02,1.598246e+01,2.996555e-02
9.141115e+00,7.836987e+00,2.361758e-02,2.317143e+01,2.496937e-02
9.478376e+00,5.770109e+00,4.742983e-02,2.680938e+01,2.517085e-02
9.172245e+00,7.586141e+00,3.187091e-02,2.171066e+01,2.477983e-02
8.488400e+00,8.649952e+00,1.948651e-02,1.894412e+01,2.713043e-02
9.024300e+00,7.652196e+00,2.858426e-02,2.722683e+01,2.592587e-02
8.488411e+00,8.094073e+00,3.222949e-02,1.710437e+01,2.748498e-02
8.816728e+00,7.924877e+00,3.120391e-02,2.045938e+01,2.503739e-02
8.304173e+00,8.568628e+00,2.416647e-02,1.612551e+01,3.037786e-02
8.923354e+00,6.589659e+00,4.512465e-02,1.867230e+01,2.573014e-02
9.794243e+00,2.046686e+00,6.741228e-02,2.581424e+01,2.374566e-02
9.430606e+00,4.389381e+00,6.169518e-02,1.357350e+01,2.705256e-02
8.772266e+00,6.775797e+00,4.979157e-02,1.345388e+01,2.619214e-02
9.067726e+00,5.572317e+00,5.626112e-02,1.339016e+01,2.639836e-02
9.417793e+00,4.406106e+00,6.220212e-02,1.145522e+01,3.145043e-02
9.351267e+00,6.118492e+00,5.451531e-02,1.131603e+01,3.457234e-02
9.821287e+00,2.893774e+00,6.641386e-02,1.286671e+01,3.137663e-02
9.333164e+00,7.221166e+00,2.647869e-02,3.154933e+01,3.223818e-02
9.337233e+00,7.083160e+00,3.147769e-02,2.999579e+01,2.939104e-02
8.644553e+00,8.317350e+00,2.986311e-02,1.541815e+01,2.925325e-02
8.534436e+00,8.652534e+00,1.680195e-02,2.106776e+01,2.610472e-02
8.862390e+00,8.267973e+00,2.099962e-02,2.552128e+01,2.509251e-02
8.525680e+00,7.789939e+00,3.020873e-02,2.696242e+01,2.474220e-02
7.990743e+00,8.075022e+00,2.601878e-02,2.523261e+01,2.432982e-02
8.130108e+00,8.466921e+00,2.626441e-02,1.780257e+01,2.883301e-02
9.261130e+00,5.737695e+00,4.998183e-02,2.277874e+01,2.344411e-02
8.908626e+00,6.855684e+00,4.536569e-02,1.697325e+01,2.592139e-02
9.406814e+00,4.928497e+00,5.789685e-02,1.632396e+01,2.568481e-02
9.199979e+00,4.980408e+00,5.844186e-02,1.456308e+01,2.546402e-02
8.743454e+00,6.790582e+00,4.937080e-02,1.384761e+01,2.583158e-02
9.030561e+00,6.271750e+00,5.318072e-02,1.269482e+01,3.020597e-02
9.519652e+00,5.931560e+00,5.347852e-02,1.247309e+01,3.370270e-02
9.513880e+00,5.280310e+00,5.832322e-02,1.137111e+01,3.489812e-02
9.497152e+00,4.042773e+00,5.263494e-02,3.161990e+01,4.654013e-02
9.507195e+00,5.945942e+00,4.818769e-02,2.132021e+01,2.460722e-02
9.522966e+00,6.032117e+00,4.623082e-02,2.368593e+01,2.418450e-02
9.264127e+00,7.870942e+00,3.095992e-02,1.785674e+01,2.685055e-02
8.459652e+00,7.039870e+00,2.652798e-02,2.808589e+01,4.823608e-02
8.177712e+00,7.366467e+00,2.272606e-02,2.839803e+01,4.813239e-02
8.601761e+00,7.586764e+00,3.294339e-02,2.399548e+01,2.370192e-02
8.856221e+00,8.229969e+00,2.897232e-02,1.489301e+01,3.055738e-02
8.657674e+00,7.923309e+00,2.905426e-02,2.091711e+01,2.607256e-02
9.168579e+00,6.221711e+00,4.746918e-02,2.028231e+01,2.464884e-02
9.348523e+00,5.079023e+00,5.596464e-02,1.957422e+01,2.375075e-02
9.348587e+00,4.633715e+00,6.001441e-02,1.398917e+01,2.580117e-02
8.875367e+00,7.192489e+00,4.409444e-02,1.557519e+01,2.675953e-02
9.197326e+00,6.631664e+00,4.957373e-02,1.346525e+01,3.204779e-02
9.337948e+00,6.700894e+00,4.772261e-02,1.274998e+01,3.434245e-02
9.331178e+00,4.731812e+00,4.472320e-02,2.134095e+01,5.284004e-02
9.476016e+00,7.337439e+00,3.808217e-02,1.620144e+01,2.818109e-02
9.614224e+00,5.586140e+00,5.091774e-02,2.043278e+01,2.497212e-02
8.800570e+00,6.158334e+00,3.181233e-02,1.337620e+01,4.855475e-02
9.334591e+00,7.435016e+00,2.626187e-02,3.108173e+01,3.176260e-02
9.084576e+00,5.615193e+00,3.934800e-02,2.505821e+01,5.044888e-02
9.016537e+00,6.724146e+00,3.396617e-02,3.144659e+01,3.559313e-02
9.509916e+00,6.728060e+00,3.897012e-02,2.711210e+01,2.573627e-02
8.995670e+00,6.944615e+00,4.072282e-02,2.127896e+01,2.446285e-02
9.040452e+00,6.540161e+00,4.478475e-02,2.231611e+01,2.346988e-02
9.582553e+00,3.342761e+00,6.365230e-02,1.995685e+01,2.284513e-02
9.443072e+00,4.285843e+00,6.156770e-02,1.456486e+01,2.731405e-02
8.948055e+00,6.624111e+00,5.090374e-02,1.349694e+01,2.639907e-02
9.416388e+00,5.380702e+00,5.519983e-02,1.519064e+01,2.917070e-02
9.423973e+00,5.349457e+00,5.693088e-02,1.266365e+01,3.414605e-02
9.988989e+00,5.215942e-03,7.022636e-02,5.402840e+00,2.406987e-02
9.664871e+00,5.536061e+00,5.263710e-02,1.663944e+01,2.744590e-02
9.496836e+00,4.231384e+00,5.045357e-02,2.674281e+01,5.203586e-02
8.636242e+00,7.245610e+00,1.822644e-02,2.436909e+01,5.318644e-02
9.047504e+00,7.244590e+00,2.920153e-02,3.151130e+01,3.543329e-02
9.241597e+00,5.931381e+00,3.739433e-02,3.105080e+01,4.685530e-02
9.254488e+00,6.804764e+00,3.847715e-02,2.577302e+01,2.460819e-02
8.062789e+00,8.077023e+00,3.167462e-02,1.684077e+01,3.183163e-02
9.431804e+00,5.261745e+00,5.585651e-02,1.594367e+01,2.761161e-02
9.317798e+00,6.325318e+00,4.962697e-02,1.477795e+01,2.894150e-02
9.429408e+00,5.099559e+00,5.746037e-02,1.478442e+01,2.771872e-02
9.162810e+00,6.208559e+00,5.354065e-02,1.293278e+01,2.933219e-02
9.482164e+00,5.175068e+00,5.673184e-02,1.414050e+01,3.007654e-02
9.672384e+00,6.002442e+00,5.127648e-02,1.332403e+01,3.021138e-02
9.504172e+00,7.313569e+00,3.433343e-02,2.166473e+01,2.483981e-02
9.505784e+00,4.668679e+00,5.172459e-02,3.187285e+01,3.534318e-02
8.873783e+00,6.861535e+00,2.737022e-02,3.014753e+01,4.802828e-02
9.093521e+00,7.804774e+00,2.434064e-02,2.833068e+01,2.727302e-02
8.959178e+00,7.171599e+00,3.078974e-02,3.045261e+01,3.121017e-02
9.394714e+00,5.102553e+00,4.654920e-02,3.225571e+01,3.734498e-02
9.381495e+00,5.614028e+00,5.105734e-02,2.208405e+01,2.402869e-02
9.554088e+00,4.776698e+00,5.785731e-02,1.722058e+01,2.647905e-02
9.468118e+00,5.037113e+00,5.746133e-02,1.538143e+01,2.743563e-02
9.442174e+00,4.530937e+00,6.032121e-02,1.479094e+01,2.879700e-02
9.600365e+00,3.793365e+00,6.387444e-02,1.231104e+01,3.251594e-02
9.760746e+00,4.228406e+00,6.034574e-02,1.574163e+01,2.787779e-02
9.364725e+00,8.128347e+00,2.823405e-02,1.712673e+01,2.715828e-02
9.164791e+00,5.526038e+00,4.074448e-02,2.921175e+01,4.827856e-02
9.204820e+00,6.341869e+00,2.868809e-02,2.895773e+01,5.118763e-02
9.246470e+00,7.694626e+00,2.739025e-02,2.475534e+01,2.474431e-02
8.894291e+00,7.673928e+00,2.925301e-02,2.360921e+01,2.466810e-02
9.518399e+00,4.888561e+00,4.957167e-02,3.167813e+01,3.305101e-02
9.613491e+00,4.560148e+00,5.877990e-02,1.749787e+01,2.628698e-02
9.632302e+00,4.663037e+00,5.823974e-02,1.777926e+01,2.590656e-02
9.713830e+00,3.419107e+00,6.474996e-02,1.371554e+01,3.038785e-02
9.590594e+00,6.099376e+00,5.041961e-02,1.446327e+01,2.953200e-02
9.524491e+00,3.842994e+00,5.336316e-02,1.841766e+01,5.227228e-02
8.885853e+00,6.016357e+00,3.308618e-02,1.418360e+01,4.899885e-02
8.665045e+00,6.867496e+00,2.250674e-02,2.138259e+01,5.296293e-02
9.252748e+00,7.510726e+00,2.976882e-02,2.648233e+01,2.537746e-02
9.298338e+00,7.401790e+00,3.092745e-02,2.513304e+01,2.473976e-02
9.565040e+00,7.156787e+00,3.622476e-02,2.141296e+01,2.489485e-02
9.378491e+00,6.717586e+00,4.300647e-02,1.834373e+01,2.633952e-02
9.253933e+00,7.234415e+00,4.129067e-02,1.552606e+01,2.834903e-02
9.732811e+00,3.429664e+00,6.465293e-02,1.379446e+01,3.042608e-02
9.562205e+00,3.263227e+00,5.789854e-02,1.933689e+01,5.270760e-02
9.198530e+00,6.717900e+00,2.278747e-02,2.834710e+01,5.207628e-02
9.278644e+00,4.828286e+00,4.479330e-02,1.947212e+01,5.180522e-02
8.709133e+00,8.629653e+00,1.369991e-02,2.621722e+01,2.554911e-02
9.044760e+00,8.171239e+00,1.675179e-02,2.875644e+01,2.749621e-02
9.175609e+00,8.205602e+00,2.199914e-02,2.162891e+01,2.522992e-02
9.577661e+00,6.700340e+00,3.979123e-02,2.038714e+01,2.522418e-02
9.550943e+00,5.837874e+00,4.896344e-02,1.957041e+01,2.538523e-02
9.796437e+00,3.295771e+00,6.495272e-02,1.324794e+01,2.975556e-02
9.345564e+00,5.213545e+00,3.986578e-02,2.324075e+01,5.296842e-02
9.599395e+00,4.322847e+00,5.174858e-02,3.313125e+01,4.019585e-02
9.293001e+00,5.997191e+00,3.886532e-02,3.230514e+01,4.027786e-02
9.034565e+00,6.748352e+00,2.812564e-02,3.224591e+01,4.330523e-02
8.919951e+00,7.495614e+00,2.647468e-02,3.095654e+01,3.278462e-02
9.268532e+00,7.741012e+00,2.904478e-02,2.312548e+01,2.459696e-02
9.385181e+00,7.510961e+00,2.675430e-02,2.732809e+01,2.585836e-02
9.686652e+00,2.770571e+00,6.163704e-02,3.301113e+01,4.322036e-02
9.407642e+00,6.338485e+00,3.270130e-02,3.323744e+01,4.102722e-02
9.176313e+00,6.166329e+00,2.874896e-02,2.081925e+01,5.290922e-02
8.856574e+00,8.643070e+00,1.941778e-02,1.795017e+01,2.777366e-02
8.395086e+00,6.828532e+00,2.536393e-02,1.130457e+01,4.707069e-02
8.648360e+00,7.736439e+00,1.814192e-02,3.232959e+01,4.193695e-02
9.224789e+00,8.412625e+00,2.575629e-02,1.467317e+01,2.956737e-02
9.571261e+00,6.887296e+00,4.037495e-02,1.868100e+01,2.623113e-02
9.334594e+00,7.828043e+00,2.529791e-02,2.705254e+01,2.591482e-02
8.330701e+00,7.149801e+00,1.957543e-02,1.172265e+01,4.960122e-02
8.482684e+00,7.371661e+00,1.578515e-02,2.605875e+01,5.287092e-02
8.678451e+00,7.780716e+00,1.386193e-02,3.225608e+01,4.635345e-02
8.686220e+00,8.779990e+00,1.357605e-02,1.859869e+01,2.769270e-02
9.606841e+00,7.290325e+00,3.606032e-02,1.819428e+01,2.638388e-02
8.484896e+00,7.441184e+00,1.322131e-02,1.818882e+01,5.289406e-02
8.771191e+00,7.026978e+00,1.765326e-02,1.674347e+01,5.238599e-02
8.347435e+00,7.487900e+00,1.383139e-02,1.600711e+01,5.226898e-02
9.505930e+00,5.792819e+00,3.103480e-02,2.533393e+01,5.291682e-02
8.248036e+00,7.872507e+00,1.180235e-02,3.139377e+01,4.799557e-02
8.273720e+00,7.660393e+00,1.064352e-02,1.863873e+01,5.286028e-02
8.459257e+00,7.531846e+00,1.189853e-02,2.168574e+01,5.339231e-02
8.600096e+00,7.239311e+00,1.656395e-02,1.683545e+01,5.253485e-02
8.965256e+00,7.170389e+00,1.570212e-02,1.611867e+01,5.191498e-02
8.689008e+00,7.562905e+00,1.126295e-02,1.984504e+01,5.290728e-02
8.098870e+00,7.937449e+00,9.729428e-03,2.597657e+01,5.288364e-02
